36,192,2000,1,0,0:0:0:0:
256,192,2000,1,0,0:0:0:0:
329,192,2000,1,0,0:0:0:0:
402,192,2000,1,0,0:0:0:0:
475,192,2000,1,0,0:0:0:0:
36,192,2250,1,0,0:0:0:0:
109,192,2250,1,0,0:0:0:0:
256,192,2250,1,0,0:0:0:0:
329,192,2250,1,0,0:0:0:0:
36,192,2375,1,0,0:0:0:0:
256,192,2375,1,0,0:0:0:0:
329,192,2375,1,0,0:0:0:0:
36,192,2500,1,0,0:0:0:0:
109,192,2500,1,0,0:0:0:0:
36,192,2625,1,0,0:0:0:0:
256,192,2625,1,0,0:0:0:0:
329,192,2625,1,0,0:0:0:0:
36,192,2750,1,0,0:0:0:0:
109,192,2750,1,0,0:0:0:0:
36,192,2875,1,0,0:0:0:0:
256,192,2875,1,0,0:0:0:0:
329,192,2875,1,0,0:0:0:0:
36,192,3000,1,0,0:0:0:0:
109,192,3000,1,0,0:0:0:0:
36,192,3125,1,0,0:0:0:0:
256,192,3125,1,0,0:0:0:0:
329,192,3125,1,0,0:0:0:0:
36,192,3250,1,0,0:0:0:0:
109,192,3250,1,0,0:0:0:0:
36,192,3375,1,0,0:0:0:0:
256,192,3375,1,0,0:0:0:0:
329,192,3375,1,0,0:0:0:0:
36,192,3500,1,0,0:0:0:0:
109,192,3500,1,0,0:0:0:0:
36,192,3625,1,0,0:0:0:0:
256,192,3625,1,0,0:0:0:0:
329,192,3625,1,0,0:0:0:0:
402,192,3625,1,0,0:0:0:0:
475,192,3625,1,0,0:0:0:0:
36,192,3750,1,0,0:0:0:0:
109,192,3750,1,0,0:0:0:0:
256,192,3750,1,0,0:0:0:0:
329,192,3750,1,0,0:0:0:0:
36,192,3875,1,0,0:0:0:0:
256,192,3875,1,0,0:0:0:0:
329,192,3875,1,0,0:0:0:0:
36,192,4000,1,0,0:0:0:0:
109,192,4000,1,0,0:0:0:0:
256,192,4000,1,0,0:0:0:0:
329,192,4000,1,0,0:0:0:0:
36,192,4250,1,0,0:0:0:0:
109,192,4250,1,0,0:0:0:0:
256,192,4250,1,0,0:0:0:0:
329,192,4250,1,0,0:0:0:0:
36,192,4375,1,0,0:0:0:0:
256,192,4375,1,0,0:0:0:0:
329,192,4375,1,0,0:0:0:0:
36,192,4500,1,0,0:0:0:0:
109,192,4500,1,0,0:0:0:0:
36,192,4625,1,0,0:0:0:0:
256,192,4625,1,0,0:0:0:0:
329,192,4625,1,0,0:0:0:0:
36,192,4750,1,0,0:0:0:0:
109,192,4750,1,0,0:0:0:0:
36,192,4875,1,0,0:0:0:0:
256,192,4875,1,0,0:0:0:0:
329,192,4875,1,0,0:0:0:0:
36,192,5000,1,0,0:0:0:0:
109,192,5000,1,0,0:0:0:0:
36,192,5125,1,0,0:0:0:0:
256,192,5125,1,0,0:0:0:0:
329,192,5125,1,0,0:0:0:0:
36,192,5250,1,0,0:0:0:0:
109,192,5250,1,0,0:0:0:0:
36,192,5375,1,0,0:0:0:0:
256,192,5375,1,0,0:0:0:0:
329,192,5375,1,0,0:0:0:0:
36,192,5500,1,0,0:0:0:0:
109,192,5500,1,0,0:0:0:0:
256,192,5500,1,0,0:0:0:0:
329,192,5500,1,0,0:0:0:0:
36,192,5750,1,0,0:0:0:0:
109,192,5750,1,0,0:0:0:0:
36,192,6000,1,0,0:0:0:0:
109,192,6000,1,0,0:0:0:0:
256,192,6000,1,0,0:0:0:0:
329,192,6000,1,0,0:0:0:0:
402,192,6000,1,0,0:0:0:0:
475,192,6000,1,0,0:0:0:0:
36,192,6250,1,0,0:0:0:0:
109,192,6250,1,0,0:0:0:0:
256,192,6250,1,0,0:0:0:0:
329,192,6250,1,0,0:0:0:0:
36,192,6375,1,0,0:0:0:0:
256,192,6375,1,0,0:0:0:0:
329,192,6375,1,0,0:0:0:0:
36,192,6500,1,0,0:0:0:0:
109,192,6500,1,0,0:0:0:0:
36,192,6625,1,0,0:0:0:0:
256,192,6625,1,0,0:0:0:0:
329,192,6625,1,0,0:0:0:0:
36,192,6750,1,0,0:0:0:0:
109,192,6750,1,0,0:0:0:0:
36,192,6875,1,0,0:0:0:0:
256,192,6875,1,0,0:0:0:0:
329,192,6875,1,0,0:0:0:0:
36,192,7000,1,0,0:0:0:0:
109,192,7000,1,0,0:0:0:0:
36,192,7125,1,0,0:0:0:0:
256,192,7125,1,0,0:0:0:0:
329,192,7125,1,0,0:0:0:0:
36,192,7250,1,0,0:0:0:0:
109,192,7250,1,0,0:0:0:0:
36,192,7375,1,0,0:0:0:0:
256,192,7375,1,0,0:0:0:0:
329,192,7375,1,0,0:0:0:0:
36,192,7500,1,0,0:0:0:0:
109,192,7500,1,0,0:0:0:0:
36,192,7625,1,0,0:0:0:0:
256,192,7625,1,0,0:0:0:0:
329,192,7625,1,0,0:0:0:0:
402,192,7625,1,0,0:0:0:0:
475,192,7625,1,0,0:0:0:0:
36,192,7750,1,0,0:0:0:0:
109,192,7750,1,0,0:0:0:0:
256,192,7750,1,0,0:0:0:0:
329,192,7750,1,0,0:0:0:0:
36,192,7875,1,0,0:0:0:0:
256,192,7875,1,0,0:0:0:0:
329,192,7875,1,0,0:0:0:0:
36,192,8000,1,0,0:0:0:0:
109,192,8000,1,0,0:0:0:0:
256,192,8000,1,0,0:0:0:0:
329,192,8000,1,0,0:0:0:0:
36,192,8250,1,0,0:0:0:0:
109,192,8250,1,0,0:0:0:0:
256,192,8250,1,0,0:0:0:0:
329,192,8250,1,0,0:0:0:0:
36,192,8375,1,0,0:0:0:0:
256,192,8375,1,0,0:0:0:0:
329,192,8375,1,0,0:0:0:0:
36,192,8500,1,0,0:0:0:0:
109,192,8500,1,0,0:0:0:0:
36,192,8625,1,0,0:0:0:0:
256,192,8625,1,0,0:0:0:0:
329,192,8625,1,0,0:0:0:0:
36,192,8750,1,0,0:0:0:0:
109,192,8750,1,0,0:0:0:0:
256,192,8750,1,0,0:0:0:0:
329,192,8750,1,0,0:0:0:0:
36,192,8875,1,0,0:0:0:0:
256,192,8875,1,0,0:0:0:0:
329,192,8875,1,0,0:0:0:0:
36,192,9000,1,0,0:0:0:0:
109,192,9000,1,0,0:0:0:0:
256,192,9000,1,0,0:0:0:0:
329,192,9000,1,0,0:0:0:0:
36,192,9250,1,0,0:0:0:0:
109,192,9250,1,0,0:0:0:0:
256,192,9250,1,0,0:0:0:0:
329,192,9250,1,0,0:0:0:0:
36,192,9500,1,0,0:0:0:0:
109,192,9500,1,0,0:0:0:0:
256,192,9500,1,0,0:0:0:0:
329,192,9500,1,0,0:0:0:0:
36,192,9750,1,0,0:0:0:0:
109,192,9750,1,0,0:0:0:0:
36,192,10000,1,0,0:0:0:0:
109,192,10000,1,0,0:0:0:0:
256,192,10000,1,0,0:0:0:0:
329,192,10000,1,0,0:0:0:0:
402,192,10000,1,0,0:0:0:0:
475,192,10000,1,0,0:0:0:0:
36,192,10250,1,0,0:0:0:0:
109,192,10250,1,0,0:0:0:0:
256,192,10250,1,0,0:0:0:0:
329,192,10250,1,0,0:0:0:0:
36,192,10375,1,0,0:0:0:0:
256,192,10375,1,0,0:0:0:0:
329,192,10375,1,0,0:0:0:0:
36,192,10500,1,0,0:0:0:0:
109,192,10500,1,0,0:0:0:0:
36,192,10625,1,0,0:0:0:0:
256,192,10625,1,0,0:0:0:0:
329,192,10625,1,0,0:0:0:0:
36,192,10750,1,0,0:0:0:0:
109,192,10750,1,0,0:0:0:0:
36,192,10875,1,0,0:0:0:0:
256,192,10875,1,0,0:0:0:0:
329,192,10875,1,0,0:0:0:0:
36,192,11000,1,0,0:0:0:0:
109,192,11000,1,0,0:0:0:0:
36,192,11125,1,0,0:0:0:0:
256,192,11125,1,0,0:0:0:0:
329,192,11125,1,0,0:0:0:0:
36,192,11250,1,0,0:0:0:0:
109,192,11250,1,0,0:0:0:0:
36,192,11375,1,0,0:0:0:0:
256,192,11375,1,0,0:0:0:0:
329,192,11375,1,0,0:0:0:0:
36,192,11500,1,0,0:0:0:0:
109,192,11500,1,0,0:0:0:0:
36,192,11625,1,0,0:0:0:0:
256,192,11625,1,0,0:0:0:0:
329,192,11625,1,0,0:0:0:0:
402,192,11625,1,0,0:0:0:0:
475,192,11625,1,0,0:0:0:0:
36,192,11750,1,0,0:0:0:0:
109,192,11750,1,0,0:0:0:0:
256,192,11750,1,0,0:0:0:0:
329,192,11750,1,0,0:0:0:0:
36,192,11875,1,0,0:0:0:0:
256,192,11875,1,0,0:0:0:0:
329,192,11875,1,0,0:0:0:0:
36,192,12000,1,0,0:0:0:0:
109,192,12000,1,0,0:0:0:0:
256,192,12000,1,0,0:0:0:0:
329,192,12000,1,0,0:0:0:0:
36,192,12250,1,0,0:0:0:0:
109,192,12250,1,0,0:0:0:0:
256,192,12250,1,0,0:0:0:0:
329,192,12250,1,0,0:0:0:0:
36,192,12375,1,0,0:0:0:0:
256,192,12375,1,0,0:0:0:0:
329,192,12375,1,0,0:0:0:0:
36,192,12500,1,0,0:0:0:0:
109,192,12500,1,0,0:0:0:0:
36,192,12625,1,0,0:0:0:0:
256,192,12625,1,0,0:0:0:0:
329,192,12625,1,0,0:0:0:0:
36,192,12750,1,0,0:0:0:0:
109,192,12750,1,0,0:0:0:0:
36,192,12875,1,0,0:0:0:0:
256,192,12875,1,0,0:0:0:0:
329,192,12875,1,0,0:0:0:0:
36,192,13000,1,0,0:0:0:0:
109,192,13000,1,0,0:0:0:0:
36,192,13125,1,0,0:0:0:0:
256,192,13125,1,0,0:0:0:0:
329,192,13125,1,0,0:0:0:0:
36,192,13250,1,0,0:0:0:0:
109,192,13250,1,0,0:0:0:0:
36,192,13375,1,0,0:0:0:0:
256,192,13375,1,0,0:0:0:0:
329,192,13375,1,0,0:0:0:0:
36,192,13500,1,0,0:0:0:0:
109,192,13500,1,0,0:0:0:0:
256,192,13500,1,0,0:0:0:0:
329,192,13500,1,0,0:0:0:0:
36,192,13750,1,0,0:0:0:0:
109,192,13750,1,0,0:0:0:0:
36,192,14000,1,0,0:0:0:0:
109,192,14000,1,0,0:0:0:0:
256,192,14000,1,0,0:0:0:0:
329,192,14000,1,0,0:0:0:0:
475,192,14000,1,0,0:0:0:0:
402,192,14000,1,0,0:0:0:0:
36,192,14250,1,0,0:0:0:0:
109,192,14250,1,0,0:0:0:0:
256,192,14250,1,0,0:0:0:0:
329,192,14250,1,0,0:0:0:0:
36,192,14375,1,0,0:0:0:0:
256,192,14375,1,0,0:0:0:0:
329,192,14375,1,0,0:0:0:0:
36,192,14500,1,0,0:0:0:0:
109,192,14500,1,0,0:0:0:0:
36,192,14625,1,0,0:0:0:0:
256,192,14625,1,0,0:0:0:0:
329,192,14625,1,0,0:0:0:0:
36,192,14750,1,0,0:0:0:0:
109,192,14750,1,0,0:0:0:0:
36,192,14875,1,0,0:0:0:0:
256,192,14875,1,0,0:0:0:0:
329,192,14875,1,0,0:0:0:0:
36,192,15000,1,0,0:0:0:0:
109,192,15000,1,0,0:0:0:0:
36,192,15125,1,0,0:0:0:0:
256,192,15125,1,0,0:0:0:0:
329,192,15125,1,0,0:0:0:0:
36,192,15250,1,0,0:0:0:0:
109,192,15250,1,0,0:0:0:0:
36,192,15375,1,0,0:0:0:0:
256,192,15375,1,0,0:0:0:0:
329,192,15375,1,0,0:0:0:0:
36,192,15500,1,0,0:0:0:0:
109,192,15500,1,0,0:0:0:0:
36,192,15625,1,0,0:0:0:0:
256,192,15625,1,0,0:0:0:0:
329,192,15625,1,0,0:0:0:0:
402,192,15625,1,0,0:0:0:0:
475,192,15625,1,0,0:0:0:0:
36,192,15750,1,0,0:0:0:0:
109,192,15750,1,0,0:0:0:0:
256,192,15750,1,0,0:0:0:0:
329,192,15750,1,0,0:0:0:0:
36,192,15875,1,0,0:0:0:0:
256,192,15875,1,0,0:0:0:0:
329,192,15875,1,0,0:0:0:0:
36,192,16000,1,0,0:0:0:0:
109,192,16000,1,0,0:0:0:0:
256,192,16000,1,0,0:0:0:0:
329,192,16000,1,0,0:0:0:0:
36,192,16250,1,0,0:0:0:0:
109,192,16250,1,0,0:0:0:0:
256,192,16250,1,0,0:0:0:0:
329,192,16250,1,0,0:0:0:0:
36,192,16375,1,0,0:0:0:0:
256,192,16375,1,0,0:0:0:0:
329,192,16375,1,0,0:0:0:0:
36,192,16500,1,0,0:0:0:0:
109,192,16500,1,0,0:0:0:0:
36,192,16625,1,0,0:0:0:0:
256,192,16625,1,0,0:0:0:0:
329,192,16625,1,0,0:0:0:0:
36,192,16750,1,0,0:0:0:0:
109,192,16750,1,0,0:0:0:0:
256,192,16750,1,0,0:0:0:0:
329,192,16750,1,0,0:0:0:0:
36,192,16875,1,0,0:0:0:0:
256,192,16875,1,0,0:0:0:0:
329,192,16875,1,0,0:0:0:0:
36,192,17000,1,0,0:0:0:0:
109,192,17000,1,0,0:0:0:0:
256,192,17000,1,0,0:0:0:0:
329,192,17000,1,0,0:0:0:0:
36,192,17250,1,0,0:0:0:0:
109,192,17250,1,0,0:0:0:0:
256,192,17250,1,0,0:0:0:0:
329,192,17250,1,0,0:0:0:0:
36,192,17500,1,0,0:0:0:0:
109,192,17500,1,0,0:0:0:0:
256,192,17500,1,0,0:0:0:0:
329,192,17500,1,0,0:0:0:0:
36,192,17750,1,0,0:0:0:0:
109,192,17750,1,0,0:0:0:0:
256,192,17750,1,0,0:0:0:0:
329,192,17750,1,0,0:0:0:0:
36,192,17875,1,0,0:0:0:0:
256,192,17875,1,0,0:0:0:0:
329,192,17875,1,0,0:0:0:0:
36,192,18000,1,0,0:0:0:0:
36,192,18000,1,0,0:0:0:0:
109,192,18000,1,0,0:0:0:0:
182,192,18000,1,0,0:0:0:0:
256,192,18000,1,0,0:0:0:0:
329,192,18000,1,0,0:0:0:0:
402,192,18000,1,0,0:0:0:0:
475,192,18000,1,0,0:0:0:0:
36,192,18250,1,0,0:0:0:0:
36,192,18250,1,0,0:0:0:0:
36,192,18250,1,0,0:0:0:0:
109,192,18250,1,0,0:0:0:0:
256,192,18250,1,0,0:0:0:0:
329,192,18250,1,0,0:0:0:0:
402,192,18250,1,0,0:0:0:0:
36,192,18500,1,0,0:0:0:0:
36,192,18500,1,0,0:0:0:0:
109,192,18500,1,0,0:0:0:0:
256,192,18500,1,0,0:0:0:0:
329,192,18500,1,0,0:0:0:0:
402,192,18500,1,0,0:0:0:0:
36,192,18750,1,0,0:0:0:0:
36,192,18750,1,0,0:0:0:0:
109,192,18750,1,0,0:0:0:0:
256,192,18750,1,0,0:0:0:0:
329,192,18750,1,0,0:0:0:0:
402,192,18750,1,0,0:0:0:0:
36,192,18875,1,0,0:0:0:0:
256,192,18875,1,0,0:0:0:0:
329,192,18875,1,0,0:0:0:0:
36,192,19000,1,0,0:0:0:0:
109,192,19000,1,0,0:0:0:0:
182,192,19000,1,0,0:0:0:0:
36,192,19250,1,0,0:0:0:0:
36,192,19250,1,0,0:0:0:0:
109,192,19250,1,0,0:0:0:0:
256,192,19250,1,0,0:0:0:0:
329,192,19250,1,0,0:0:0:0:
402,192,19250,1,0,0:0:0:0:
36,192,19500,1,0,0:0:0:0:
36,192,19500,1,0,0:0:0:0:
109,192,19500,1,0,0:0:0:0:
256,192,19500,1,0,0:0:0:0:
329,192,19500,1,0,0:0:0:0:
402,192,19500,1,0,0:0:0:0:
36,192,19625,1,0,0:0:0:0:
36,192,19750,1,0,0:0:0:0:
109,192,19750,1,0,0:0:0:0:
256,192,19750,1,0,0:0:0:0:
329,192,19750,1,0,0:0:0:0:
402,192,19750,1,0,0:0:0:0:
36,192,20000,1,0,0:0:0:0:
36,192,20000,1,0,0:0:0:0:
109,192,20000,1,0,0:0:0:0:
182,192,20000,1,0,0:0:0:0:
256,192,20000,1,0,0:0:0:0:
329,192,20000,1,0,0:0:0:0:
402,192,20000,1,0,0:0:0:0:
36,192,20250,1,0,0:0:0:0:
36,192,20250,1,0,0:0:0:0:
109,192,20250,1,0,0:0:0:0:
256,192,20250,1,0,0:0:0:0:
329,192,20250,1,0,0:0:0:0:
402,192,20250,1,0,0:0:0:0:
36,192,20375,1,0,0:0:0:0:
36,192,20500,1,0,0:0:0:0:
36,192,20500,1,0,0:0:0:0:
109,192,20500,1,0,0:0:0:0:
256,192,20500,1,0,0:0:0:0:
329,192,20500,1,0,0:0:0:0:
402,192,20500,1,0,0:0:0:0:
36,192,20625,1,0,0:0:0:0:
256,192,20625,1,0,0:0:0:0:
329,192,20625,1,0,0:0:0:0:
36,192,20750,1,0,0:0:0:0:
109,192,20750,1,0,0:0:0:0:
36,192,20875,1,0,0:0:0:0:
256,192,20875,1,0,0:0:0:0:
329,192,20875,1,0,0:0:0:0:
36,192,21000,1,0,0:0:0:0:
109,192,21000,1,0,0:0:0:0:
182,192,21000,1,0,0:0:0:0:
36,192,21250,1,0,0:0:0:0:
109,192,21250,1,0,0:0:0:0:
36,192,21375,1,0,0:0:0:0:
109,192,21500,1,0,0:0:0:0:
36,192,21625,1,0,0:0:0:0:
36,192,21750,1,0,0:0:0:0:
36,192,21750,1,0,0:0:0:0:
109,192,21750,1,0,0:0:0:0:
256,192,21750,1,0,0:0:0:0:
329,192,21750,1,0,0:0:0:0:
36,192,21875,1,0,0:0:0:0:
36,192,21875,1,0,0:0:0:0:
256,192,21875,1,0,0:0:0:0:
329,192,21875,1,0,0:0:0:0:
36,192,22000,1,0,0:0:0:0:
36,192,22000,1,0,0:0:0:0:
109,192,22000,1,0,0:0:0:0:
182,192,22000,1,0,0:0:0:0:
256,192,22000,1,0,0:0:0:0:
329,192,22000,1,0,0:0:0:0:
402,192,22000,1,0,0:0:0:0:
36,192,22250,1,0,0:0:0:0:
36,192,22250,1,0,0:0:0:0:
109,192,22250,1,0,0:0:0:0:
256,192,22250,1,0,0:0:0:0:
329,192,22250,1,0,0:0:0:0:
402,192,22250,1,0,0:0:0:0:
36,192,22500,1,0,0:0:0:0:
36,192,22500,1,0,0:0:0:0:
109,192,22500,1,0,0:0:0:0:
256,192,22500,1,0,0:0:0:0:
329,192,22500,1,0,0:0:0:0:
402,192,22500,1,0,0:0:0:0:
36,192,22750,1,0,0:0:0:0:
36,192,22750,1,0,0:0:0:0:
109,192,22750,1,0,0:0:0:0:
256,192,22750,1,0,0:0:0:0:
329,192,22750,1,0,0:0:0:0:
402,192,22750,1,0,0:0:0:0:
36,192,22875,1,0,0:0:0:0:
256,192,22875,1,0,0:0:0:0:
329,192,22875,1,0,0:0:0:0:
36,192,23000,1,0,0:0:0:0:
109,192,23000,1,0,0:0:0:0:
182,192,23000,1,0,0:0:0:0:
36,192,23250,1,0,0:0:0:0:
36,192,23250,1,0,0:0:0:0:
109,192,23250,1,0,0:0:0:0:
256,192,23250,1,0,0:0:0:0:
329,192,23250,1,0,0:0:0:0:
402,192,23250,1,0,0:0:0:0:
36,192,23375,1,0,0:0:0:0:
36,192,23500,1,0,0:0:0:0:
109,192,23500,1,0,0:0:0:0:
256,192,23500,1,0,0:0:0:0:
329,192,23500,1,0,0:0:0:0:
402,192,23500,1,0,0:0:0:0:
36,192,23625,1,0,0:0:0:0:
36,192,23750,1,0,0:0:0:0:
36,192,23750,1,0,0:0:0:0:
109,192,23750,1,0,0:0:0:0:
256,192,23750,1,0,0:0:0:0:
329,192,23750,1,0,0:0:0:0:
402,192,23750,1,0,0:0:0:0:
36,192,24000,1,0,0:0:0:0:
36,192,24000,1,0,0:0:0:0:
109,192,24000,1,0,0:0:0:0:
182,192,24000,1,0,0:0:0:0:
256,192,24000,1,0,0:0:0:0:
329,192,24000,1,0,0:0:0:0:
402,192,24000,1,0,0:0:0:0:
36,192,24250,1,0,0:0:0:0:
36,192,24250,1,0,0:0:0:0:
109,192,24250,1,0,0:0:0:0:
256,192,24250,1,0,0:0:0:0:
329,192,24250,1,0,0:0:0:0:
402,192,24250,1,0,0:0:0:0:
36,192,24375,1,0,0:0:0:0:
256,192,24375,1,0,0:0:0:0:
329,192,24375,1,0,0:0:0:0:
36,192,24500,1,0,0:0:0:0:
109,192,24500,1,0,0:0:0:0:
36,192,24625,1,0,0:0:0:0:
256,192,24625,1,0,0:0:0:0:
329,192,24625,1,0,0:0:0:0:
402,192,24625,1,0,0:0:0:0:
36,192,24750,1,0,0:0:0:0:
109,192,24750,1,0,0:0:0:0:
36,192,24875,1,0,0:0:0:0:
256,192,24875,1,0,0:0:0:0:
329,192,24875,1,0,0:0:0:0:
402,192,24875,1,0,0:0:0:0:
36,192,25000,1,0,0:0:0:0:
109,192,25000,1,0,0:0:0:0:
182,192,25000,1,0,0:0:0:0:
36,192,25250,1,0,0:0:0:0:
109,192,25250,1,0,0:0:0:0:
36,192,25375,1,0,0:0:0:0:
36,192,25500,1,0,0:0:0:0:
109,192,25500,1,0,0:0:0:0:
36,192,25625,1,0,0:0:0:0:
36,192,25750,1,0,0:0:0:0:
36,192,25750,1,0,0:0:0:0:
109,192,25750,1,0,0:0:0:0:
256,192,25750,1,0,0:0:0:0:
329,192,25750,1,0,0:0:0:0:
36,192,25875,1,0,0:0:0:0:
36,192,25875,1,0,0:0:0:0:
256,192,25875,1,0,0:0:0:0:
329,192,25875,1,0,0:0:0:0:
36,192,26000,1,0,0:0:0:0:
36,192,26000,1,0,0:0:0:0:
109,192,26000,1,0,0:0:0:0:
182,192,26000,1,0,0:0:0:0:
256,192,26000,1,0,0:0:0:0:
329,192,26000,1,0,0:0:0:0:
402,192,26000,1,0,0:0:0:0:
36,192,26250,1,0,0:0:0:0:
36,192,26250,1,0,0:0:0:0:
109,192,26250,1,0,0:0:0:0:
256,192,26250,1,0,0:0:0:0:
329,192,26250,1,0,0:0:0:0:
402,192,26250,1,0,0:0:0:0:
36,192,26500,1,0,0:0:0:0:
36,192,26500,1,0,0:0:0:0:
109,192,26500,1,0,0:0:0:0:
256,192,26500,1,0,0:0:0:0:
329,192,26500,1,0,0:0:0:0:
402,192,26500,1,0,0:0:0:0:
36,192,26750,1,0,0:0:0:0:
36,192,26750,1,0,0:0:0:0:
109,192,26750,1,0,0:0:0:0:
256,192,26750,1,0,0:0:0:0:
329,192,26750,1,0,0:0:0:0:
402,192,26750,1,0,0:0:0:0:
36,192,26875,1,0,0:0:0:0:
256,192,26875,1,0,0:0:0:0:
329,192,26875,1,0,0:0:0:0:
36,192,27000,1,0,0:0:0:0:
109,192,27000,1,0,0:0:0:0:
182,192,27000,1,0,0:0:0:0:
36,192,27250,1,0,0:0:0:0:
36,192,27250,1,0,0:0:0:0:
109,192,27250,1,0,0:0:0:0:
256,192,27250,1,0,0:0:0:0:
329,192,27250,1,0,0:0:0:0:
402,192,27250,1,0,0:0:0:0:
36,192,27500,1,0,0:0:0:0:
36,192,27500,1,0,0:0:0:0:
109,192,27500,1,0,0:0:0:0:
256,192,27500,1,0,0:0:0:0:
329,192,27500,1,0,0:0:0:0:
402,192,27500,1,0,0:0:0:0:
36,192,27625,1,0,0:0:0:0:
36,192,27750,1,0,0:0:0:0:
109,192,27750,1,0,0:0:0:0:
256,192,27750,1,0,0:0:0:0:
329,192,27750,1,0,0:0:0:0:
402,192,27750,1,0,0:0:0:0:
36,192,28000,1,0,0:0:0:0:
36,192,28000,1,0,0:0:0:0:
109,192,28000,1,0,0:0:0:0:
182,192,28000,1,0,0:0:0:0:
256,192,28000,1,0,0:0:0:0:
329,192,28000,1,0,0:0:0:0:
402,192,28000,1,0,0:0:0:0:
36,192,28250,1,0,0:0:0:0:
36,192,28250,1,0,0:0:0:0:
109,192,28250,1,0,0:0:0:0:
256,192,28250,1,0,0:0:0:0:
329,192,28250,1,0,0:0:0:0:
402,192,28250,1,0,0:0:0:0:
36,192,28375,1,0,0:0:0:0:
256,192,28375,1,0,0:0:0:0:
329,192,28375,1,0,0:0:0:0:
36,192,28500,1,0,0:0:0:0:
36,192,28500,1,0,0:0:0:0:
109,192,28500,1,0,0:0:0:0:
36,192,28625,1,0,0:0:0:0:
256,192,28625,1,0,0:0:0:0:
329,192,28625,1,0,0:0:0:0:
402,192,28625,1,0,0:0:0:0:
36,192,28750,1,0,0:0:0:0:
109,192,28750,1,0,0:0:0:0:
36,192,28875,1,0,0:0:0:0:
256,192,28875,1,0,0:0:0:0:
329,192,28875,1,0,0:0:0:0:
402,192,28875,1,0,0:0:0:0:
36,192,29000,1,0,0:0:0:0:
109,192,29000,1,0,0:0:0:0:
182,192,29000,1,0,0:0:0:0:
36,192,29125,1,0,0:0:0:0:
256,192,29125,1,0,0:0:0:0:
329,192,29125,1,0,0:0:0:0:
402,192,29125,1,0,0:0:0:0:
36,192,29250,1,0,0:0:0:0:
109,192,29250,1,0,0:0:0:0:
36,192,29375,1,0,0:0:0:0:
36,192,29500,1,0,0:0:0:0:
109,192,29500,1,0,0:0:0:0:
36,192,29625,1,0,0:0:0:0:
36,192,29750,1,0,0:0:0:0:
36,192,29750,1,0,0:0:0:0:
109,192,29750,1,0,0:0:0:0:
256,192,29750,1,0,0:0:0:0:
329,192,29750,1,0,0:0:0:0:
36,192,29875,1,0,0:0:0:0:
256,192,29875,1,0,0:0:0:0:
329,192,29875,1,0,0:0:0:0:
36,192,30000,1,0,0:0:0:0:
36,192,30000,1,0,0:0:0:0:
109,192,30000,1,0,0:0:0:0:
182,192,30000,1,0,0:0:0:0:
256,192,30000,1,0,0:0:0:0:
329,192,30000,1,0,0:0:0:0:
402,192,30000,1,0,0:0:0:0:
36,192,30250,1,0,0:0:0:0:
36,192,30250,1,0,0:0:0:0:
109,192,30250,1,0,0:0:0:0:
256,192,30250,1,0,0:0:0:0:
329,192,30250,1,0,0:0:0:0:
402,192,30250,1,0,0:0:0:0:
36,192,30500,1,0,0:0:0:0:
36,192,30500,1,0,0:0:0:0:
109,192,30500,1,0,0:0:0:0:
256,192,30500,1,0,0:0:0:0:
329,192,30500,1,0,0:0:0:0:
402,192,30500,1,0,0:0:0:0:
36,192,30750,1,0,0:0:0:0:
36,192,30750,1,0,0:0:0:0:
109,192,30750,1,0,0:0:0:0:
256,192,30750,1,0,0:0:0:0:
329,192,30750,1,0,0:0:0:0:
402,192,30750,1,0,0:0:0:0:
36,192,30875,1,0,0:0:0:0:
256,192,30875,1,0,0:0:0:0:
329,192,30875,1,0,0:0:0:0:
36,192,31000,1,0,0:0:0:0:
109,192,31000,1,0,0:0:0:0:
182,192,31000,1,0,0:0:0:0:
36,192,31250,1,0,0:0:0:0:
36,192,31250,1,0,0:0:0:0:
109,192,31250,1,0,0:0:0:0:
256,192,31250,1,0,0:0:0:0:
329,192,31250,1,0,0:0:0:0:
36,192,31375,1,0,0:0:0:0:
36,192,31500,1,0,0:0:0:0:
109,192,31500,1,0,0:0:0:0:
256,192,31500,1,0,0:0:0:0:
329,192,31500,1,0,0:0:0:0:
402,192,31500,1,0,0:0:0:0:
475,192,31500,1,0,0:0:0:0:
36,192,31625,1,0,0:0:0:0:
36,192,31750,1,0,0:0:0:0:
36,192,31750,1,0,0:0:0:0:
109,192,31750,1,0,0:0:0:0:
256,192,31750,1,0,0:0:0:0:
329,192,31750,1,0,0:0:0:0:
36,192,32000,1,0,0:0:0:0:
36,192,32000,1,0,0:0:0:0:
109,192,32000,1,0,0:0:0:0:
182,192,32000,1,0,0:0:0:0:
256,192,32000,1,0,0:0:0:0:
329,192,32000,1,0,0:0:0:0:
402,192,32000,1,0,0:0:0:0:
36,192,32250,1,0,0:0:0:0:
36,192,32250,1,0,0:0:0:0:
109,192,32250,1,0,0:0:0:0:
256,192,32250,1,0,0:0:0:0:
329,192,32250,1,0,0:0:0:0:
402,192,32250,1,0,0:0:0:0:
36,192,32375,1,0,0:0:0:0:
256,192,32375,1,0,0:0:0:0:
329,192,32375,1,0,0:0:0:0:
36,192,32500,1,0,0:0:0:0:
109,192,32500,1,0,0:0:0:0:
36,192,32625,1,0,0:0:0:0:
256,192,32625,1,0,0:0:0:0:
329,192,32625,1,0,0:0:0:0:
402,192,32625,1,0,0:0:0:0:
36,192,32750,1,0,0:0:0:0:
109,192,32750,1,0,0:0:0:0:
36,192,32875,1,0,0:0:0:0:
256,192,32875,1,0,0:0:0:0:
329,192,32875,1,0,0:0:0:0:
402,192,32875,1,0,0:0:0:0:
36,192,33000,1,0,0:0:0:0:
109,192,33000,1,0,0:0:0:0:
182,192,33000,1,0,0:0:0:0:
36,192,33250,1,0,0:0:0:0:
109,192,33250,1,0,0:0:0:0:
36,192,33375,1,0,0:0:0:0:
36,192,33500,1,0,0:0:0:0:
109,192,33500,1,0,0:0:0:0:
36,192,33625,1,0,0:0:0:0:
36,192,33750,1,0,0:0:0:0:
109,192,33750,1,0,0:0:0:0:
36,192,33875,1,0,0:0:0:0:
36,192,34000,1,0,0:0:0:0:
109,192,34000,1,0,0:0:0:0:
182,192,34000,1,0,0:0:0:0:
256,192,34000,1,0,0:0:0:0:
329,192,34000,1,0,0:0:0:0:
402,192,34000,1,0,0:0:0:0:
36,192,34250,1,0,0:0:0:0:
109,192,34250,1,0,0:0:0:0:
256,192,34250,1,0,0:0:0:0:
329,192,34250,1,0,0:0:0:0:
36,192,34500,1,0,0:0:0:0:
109,192,34500,1,0,0:0:0:0:
256,192,34500,1,0,0:0:0:0:
329,192,34500,1,0,0:0:0:0:
36,192,34750,1,0,0:0:0:0:
109,192,34750,1,0,0:0:0:0:
256,192,34750,1,0,0:0:0:0:
329,192,34750,1,0,0:0:0:0:
36,192,35000,1,0,0:0:0:0:
109,192,35000,1,0,0:0:0:0:
256,192,35000,1,0,0:0:0:0:
329,192,35000,1,0,0:0:0:0:
36,192,35250,1,0,0:0:0:0:
109,192,35250,1,0,0:0:0:0:
256,192,35250,1,0,0:0:0:0:
329,192,35250,1,0,0:0:0:0:
36,192,35375,1,0,0:0:0:0:
256,192,35375,1,0,0:0:0:0:
329,192,35375,1,0,0:0:0:0:
36,192,35500,1,0,0:0:0:0:
109,192,35500,1,0,0:0:0:0:
36,192,35625,1,0,0:0:0:0:
256,192,35625,1,0,0:0:0:0:
329,192,35625,1,0,0:0:0:0:
36,192,35750,1,0,0:0:0:0:
109,192,35750,1,0,0:0:0:0:
256,192,35750,1,0,0:0:0:0:
329,192,35750,1,0,0:0:0:0:
36,192,36000,1,0,0:0:0:0:
109,192,36000,1,0,0:0:0:0:
182,192,36000,1,0,0:0:0:0:
256,192,36000,1,0,0:0:0:0:
329,192,36000,1,0,0:0:0:0:
36,192,36250,1,0,0:0:0:0:
109,192,36250,1,0,0:0:0:0:
256,192,36250,1,0,0:0:0:0:
329,192,36250,1,0,0:0:0:0:
36,192,36500,1,0,0:0:0:0:
109,192,36500,1,0,0:0:0:0:
256,192,36500,1,0,0:0:0:0:
329,192,36500,1,0,0:0:0:0:
36,192,36750,1,0,0:0:0:0:
109,192,36750,1,0,0:0:0:0:
256,192,36750,1,0,0:0:0:0:
329,192,36750,1,0,0:0:0:0:
36,192,37000,1,0,0:0:0:0:
109,192,37000,1,0,0:0:0:0:
256,192,37000,1,0,0:0:0:0:
329,192,37000,1,0,0:0:0:0:
36,192,37250,1,0,0:0:0:0:
109,192,37250,1,0,0:0:0:0:
256,192,37250,1,0,0:0:0:0:
329,192,37250,1,0,0:0:0:0:
36,192,37375,1,0,0:0:0:0:
256,192,37375,1,0,0:0:0:0:
329,192,37375,1,0,0:0:0:0:
36,192,37500,1,0,0:0:0:0:
109,192,37500,1,0,0:0:0:0:
36,192,37625,1,0,0:0:0:0:
256,192,37625,1,0,0:0:0:0:
329,192,37625,1,0,0:0:0:0:
36,192,37750,1,0,0:0:0:0:
109,192,37750,1,0,0:0:0:0:
256,192,37750,1,0,0:0:0:0:
329,192,37750,1,0,0:0:0:0:
36,192,37875,1,0,0:0:0:0:
256,192,37875,1,0,0:0:0:0:
329,192,37875,1,0,0:0:0:0:
36,192,38000,1,0,0:0:0:0:
109,192,38000,1,0,0:0:0:0:
182,192,38000,1,0,0:0:0:0:
256,192,38000,1,0,0:0:0:0:
329,192,38000,1,0,0:0:0:0:
36,192,38250,1,0,0:0:0:0:
109,192,38250,1,0,0:0:0:0:
256,192,38250,1,0,0:0:0:0:
329,192,38250,1,0,0:0:0:0:
36,192,38500,1,0,0:0:0:0:
109,192,38500,1,0,0:0:0:0:
256,192,38500,1,0,0:0:0:0:
329,192,38500,1,0,0:0:0:0:
36,192,38750,1,0,0:0:0:0:
109,192,38750,1,0,0:0:0:0:
256,192,38750,1,0,0:0:0:0:
329,192,38750,1,0,0:0:0:0:
36,192,39000,1,0,0:0:0:0:
109,192,39000,1,0,0:0:0:0:
256,192,39000,1,0,0:0:0:0:
329,192,39000,1,0,0:0:0:0:
36,192,39250,1,0,0:0:0:0:
109,192,39250,1,0,0:0:0:0:
256,192,39250,1,0,0:0:0:0:
329,192,39250,1,0,0:0:0:0:
36,192,39375,1,0,0:0:0:0:
256,192,39375,1,0,0:0:0:0:
329,192,39375,1,0,0:0:0:0:
36,192,39500,1,0,0:0:0:0:
109,192,39500,1,0,0:0:0:0:
36,192,39625,1,0,0:0:0:0:
256,192,39625,1,0,0:0:0:0:
329,192,39625,1,0,0:0:0:0:
36,192,39750,1,0,0:0:0:0:
109,192,39750,1,0,0:0:0:0:
256,192,39750,1,0,0:0:0:0:
329,192,39750,1,0,0:0:0:0:
36,192,40000,1,0,0:0:0:0:
109,192,40000,1,0,0:0:0:0:
182,192,40000,1,0,0:0:0:0:
256,192,40000,1,0,0:0:0:0:
329,192,40000,1,0,0:0:0:0:
36,192,40250,1,0,0:0:0:0:
109,192,40250,1,0,0:0:0:0:
256,192,40250,1,0,0:0:0:0:
329,192,40250,1,0,0:0:0:0:
36,192,40500,1,0,0:0:0:0:
109,192,40500,1,0,0:0:0:0:
256,192,40500,1,0,0:0:0:0:
329,192,40500,1,0,0:0:0:0:
36,192,40750,1,0,0:0:0:0:
109,192,40750,1,0,0:0:0:0:
256,192,40750,1,0,0:0:0:0:
329,192,40750,1,0,0:0:0:0:
36,192,41000,1,0,0:0:0:0:
109,192,41000,1,0,0:0:0:0:
182,192,41000,1,0,0:0:0:0:
256,192,41000,1,0,0:0:0:0:
329,192,41000,1,0,0:0:0:0:
36,192,41250,1,0,0:0:0:0:
109,192,41250,1,0,0:0:0:0:
256,192,41250,1,0,0:0:0:0:
329,192,41250,1,0,0:0:0:0:
36,192,41500,1,0,0:0:0:0:
109,192,41500,1,0,0:0:0:0:
256,192,41500,1,0,0:0:0:0:
329,192,41500,1,0,0:0:0:0:
36,192,41750,1,0,0:0:0:0:
109,192,41750,1,0,0:0:0:0:
36,192,42000,1,0,0:0:0:0:
109,192,42000,1,0,0:0:0:0:
182,192,42000,1,0,0:0:0:0:
256,192,42000,1,0,0:0:0:0:
329,192,42000,1,0,0:0:0:0:
36,192,42250,1,0,0:0:0:0:
109,192,42250,1,0,0:0:0:0:
256,192,42250,1,0,0:0:0:0:
329,192,42250,1,0,0:0:0:0:
36,192,42500,1,0,0:0:0:0:
109,192,42500,1,0,0:0:0:0:
256,192,42500,1,0,0:0:0:0:
329,192,42500,1,0,0:0:0:0:
36,192,42750,1,0,0:0:0:0:
109,192,42750,1,0,0:0:0:0:
256,192,42750,1,0,0:0:0:0:
329,192,42750,1,0,0:0:0:0:
36,192,43000,1,0,0:0:0:0:
109,192,43000,1,0,0:0:0:0:
256,192,43000,1,0,0:0:0:0:
329,192,43000,1,0,0:0:0:0:
36,192,43250,1,0,0:0:0:0:
109,192,43250,1,0,0:0:0:0:
256,192,43250,1,0,0:0:0:0:
329,192,43250,1,0,0:0:0:0:
36,192,43375,1,0,0:0:0:0:
256,192,43375,1,0,0:0:0:0:
329,192,43375,1,0,0:0:0:0:
36,192,43500,1,0,0:0:0:0:
109,192,43500,1,0,0:0:0:0:
36,192,43625,1,0,0:0:0:0:
256,192,43625,1,0,0:0:0:0:
329,192,43625,1,0,0:0:0:0:
36,192,43750,1,0,0:0:0:0:
109,192,43750,1,0,0:0:0:0:
182,192,43750,1,0,0:0:0:0:
256,192,43750,1,0,0:0:0:0:
329,192,43750,1,0,0:0:0:0:
36,192,44000,1,0,0:0:0:0:
109,192,44000,1,0,0:0:0:0:
182,192,44000,1,0,0:0:0:0:
256,192,44000,1,0,0:0:0:0:
329,192,44000,1,0,0:0:0:0:
36,192,44250,1,0,0:0:0:0:
109,192,44250,1,0,0:0:0:0:
256,192,44250,1,0,0:0:0:0:
329,192,44250,1,0,0:0:0:0:
36,192,44500,1,0,0:0:0:0:
109,192,44500,1,0,0:0:0:0:
256,192,44500,1,0,0:0:0:0:
329,192,44500,1,0,0:0:0:0:
36,192,44750,1,0,0:0:0:0:
109,192,44750,1,0,0:0:0:0:
256,192,44750,1,0,0:0:0:0:
329,192,44750,1,0,0:0:0:0:
36,192,45000,1,0,0:0:0:0:
109,192,45000,1,0,0:0:0:0:
256,192,45000,1,0,0:0:0:0:
329,192,45000,1,0,0:0:0:0:
36,192,45250,1,0,0:0:0:0:
109,192,45250,1,0,0:0:0:0:
256,192,45250,1,0,0:0:0:0:
329,192,45250,1,0,0:0:0:0:
36,192,45375,1,0,0:0:0:0:
256,192,45375,1,0,0:0:0:0:
329,192,45375,1,0,0:0:0:0:
36,192,45500,1,0,0:0:0:0:
109,192,45500,1,0,0:0:0:0:
36,192,45625,1,0,0:0:0:0:
256,192,45625,1,0,0:0:0:0:
329,192,45625,1,0,0:0:0:0:
36,192,45750,1,0,0:0:0:0:
109,192,45750,1,0,0:0:0:0:
256,192,45750,1,0,0:0:0:0:
329,192,45750,1,0,0:0:0:0:
36,192,45875,1,0,0:0:0:0:
256,192,45875,1,0,0:0:0:0:
329,192,45875,1,0,0:0:0:0:
36,192,46000,1,0,0:0:0:0:
109,192,46000,1,0,0:0:0:0:
182,192,46000,1,0,0:0:0:0:
256,192,46000,1,0,0:0:0:0:
329,192,46000,1,0,0:0:0:0:
36,192,46250,1,0,0:0:0:0:
109,192,46250,1,0,0:0:0:0:
256,192,46250,1,0,0:0:0:0:
329,192,46250,1,0,0:0:0:0:
36,192,46500,1,0,0:0:0:0:
109,192,46500,1,0,0:0:0:0:
256,192,46500,1,0,0:0:0:0:
329,192,46500,1,0,0:0:0:0:
36,192,46750,1,0,0:0:0:0:
109,192,46750,1,0,0:0:0:0:
256,192,46750,1,0,0:0:0:0:
329,192,46750,1,0,0:0:0:0:
36,192,47000,1,0,0:0:0:0:
109,192,47000,1,0,0:0:0:0:
182,192,47000,1,0,0:0:0:0:
256,192,47000,1,0,0:0:0:0:
329,192,47000,1,0,0:0:0:0:
36,192,47250,1,0,0:0:0:0:
109,192,47250,1,0,0:0:0:0:
256,192,47250,1,0,0:0:0:0:
329,192,47250,1,0,0:0:0:0:
36,192,47375,1,0,0:0:0:0:
256,192,47375,1,0,0:0:0:0:
329,192,47375,1,0,0:0:0:0:
36,192,47500,1,0,0:0:0:0:
109,192,47500,1,0,0:0:0:0:
36,192,47625,1,0,0:0:0:0:
256,192,47625,1,0,0:0:0:0:
329,192,47625,1,0,0:0:0:0:
36,192,47750,1,0,0:0:0:0:
109,192,47750,1,0,0:0:0:0:
256,192,47750,1,0,0:0:0:0:
329,192,47750,1,0,0:0:0:0:
36,192,48000,1,0,0:0:0:0:
109,192,48000,1,0,0:0:0:0:
182,192,48000,1,0,0:0:0:0:
256,192,48000,1,0,0:0:0:0:
329,192,48000,1,0,0:0:0:0:
36,192,48250,1,0,0:0:0:0:
109,192,48250,1,0,0:0:0:0:
256,192,48250,1,0,0:0:0:0:
329,192,48250,1,0,0:0:0:0:
36,192,48500,1,0,0:0:0:0:
109,192,48500,1,0,0:0:0:0:
256,192,48500,1,0,0:0:0:0:
329,192,48500,1,0,0:0:0:0:
36,192,48750,1,0,0:0:0:0:
109,192,48750,1,0,0:0:0:0:
256,192,48750,1,0,0:0:0:0:
329,192,48750,1,0,0:0:0:0:
36,192,49000,1,0,0:0:0:0:
109,192,49000,1,0,0:0:0:0:
182,192,49000,1,0,0:0:0:0:
256,192,49000,1,0,0:0:0:0:
329,192,49000,1,0,0:0:0:0:
36,192,49250,1,0,0:0:0:0:
109,192,49250,1,0,0:0:0:0:
256,192,49250,1,0,0:0:0:0:
329,192,49250,1,0,0:0:0:0:
36,192,49500,1,0,0:0:0:0:
109,192,49500,1,0,0:0:0:0:
256,192,49500,1,0,0:0:0:0:
329,192,49500,1,0,0:0:0:0:
36,192,49750,1,0,0:0:0:0:
109,192,49750,1,0,0:0:0:0:
36,192,50000,1,0,0:0:0:0:
36,192,50000,1,0,0:0:0:0:
109,192,50000,1,0,0:0:0:0:
256,192,50000,1,0,0:0:0:0:
329,192,50000,1,0,0:0:0:0:
402,192,50000,1,0,0:0:0:0:
475,192,50000,1,0,0:0:0:0:
36,192,50250,1,0,0:0:0:0:
109,192,50250,1,0,0:0:0:0:
36,192,50500,1,0,0:0:0:0:
36,192,50500,1,0,0:0:0:0:
109,192,50500,1,0,0:0:0:0:
256,192,50500,1,0,0:0:0:0:
329,192,50500,1,0,0:0:0:0:
402,192,50500,1,0,0:0:0:0:
36,192,50750,1,0,0:0:0:0:
109,192,50750,1,0,0:0:0:0:
36,192,51000,1,0,0:0:0:0:
36,192,51000,1,0,0:0:0:0:
109,192,51000,1,0,0:0:0:0:
256,192,51000,1,0,0:0:0:0:
329,192,51000,1,0,0:0:0:0:
402,192,51000,1,0,0:0:0:0:
36,192,51250,1,0,0:0:0:0:
36,192,51250,1,0,0:0:0:0:
109,192,51250,1,0,0:0:0:0:
256,192,51250,1,0,0:0:0:0:
329,192,51250,1,0,0:0:0:0:
402,192,51250,1,0,0:0:0:0:
36,192,51375,1,0,0:0:0:0:
256,192,51375,1,0,0:0:0:0:
329,192,51375,1,0,0:0:0:0:
36,192,51500,1,0,0:0:0:0:
109,192,51500,1,0,0:0:0:0:
36,192,51625,1,0,0:0:0:0:
256,192,51625,1,0,0:0:0:0:
329,192,51625,1,0,0:0:0:0:
36,192,51750,1,0,0:0:0:0:
109,192,51750,1,0,0:0:0:0:
36,192,52000,1,0,0:0:0:0:
109,192,52000,1,0,0:0:0:0:
36,192,52250,1,0,0:0:0:0:
36,192,52250,1,0,0:0:0:0:
109,192,52250,1,0,0:0:0:0:
256,192,52250,1,0,0:0:0:0:
329,192,52250,1,0,0:0:0:0:
402,192,52250,1,0,0:0:0:0:
36,192,52500,1,0,0:0:0:0:
36,192,52500,1,0,0:0:0:0:
109,192,52500,1,0,0:0:0:0:
256,192,52500,1,0,0:0:0:0:
329,192,52500,1,0,0:0:0:0:
402,192,52500,1,0,0:0:0:0:
36,192,52750,1,0,0:0:0:0:
36,192,52750,1,0,0:0:0:0:
109,192,52750,1,0,0:0:0:0:
256,192,52750,1,0,0:0:0:0:
329,192,52750,1,0,0:0:0:0:
402,192,52750,1,0,0:0:0:0:
36,192,53000,1,0,0:0:0:0:
36,192,53000,1,0,0:0:0:0:
109,192,53000,1,0,0:0:0:0:
256,192,53000,1,0,0:0:0:0:
329,192,53000,1,0,0:0:0:0:
402,192,53000,1,0,0:0:0:0:
36,192,53250,1,0,0:0:0:0:
36,192,53250,1,0,0:0:0:0:
109,192,53250,1,0,0:0:0:0:
256,192,53250,1,0,0:0:0:0:
329,192,53250,1,0,0:0:0:0:
402,192,53250,1,0,0:0:0:0:
36,192,53375,1,0,0:0:0:0:
256,192,53375,1,0,0:0:0:0:
329,192,53375,1,0,0:0:0:0:
36,192,53500,1,0,0:0:0:0:
109,192,53500,1,0,0:0:0:0:
36,192,53625,1,0,0:0:0:0:
256,192,53625,1,0,0:0:0:0:
329,192,53625,1,0,0:0:0:0:
402,192,53625,1,0,0:0:0:0:
36,192,53750,1,0,0:0:0:0:
109,192,53750,1,0,0:0:0:0:
36,192,54000,1,0,0:0:0:0:
36,192,54000,1,0,0:0:0:0:
109,192,54000,1,0,0:0:0:0:
256,192,54000,1,0,0:0:0:0:
329,192,54000,1,0,0:0:0:0:
402,192,54000,1,0,0:0:0:0:
475,192,54000,1,0,0:0:0:0:
36,192,54250,1,0,0:0:0:0:
109,192,54250,1,0,0:0:0:0:
36,192,54500,1,0,0:0:0:0:
36,192,54500,1,0,0:0:0:0:
109,192,54500,1,0,0:0:0:0:
256,192,54500,1,0,0:0:0:0:
329,192,54500,1,0,0:0:0:0:
402,192,54500,1,0,0:0:0:0:
475,192,54500,1,0,0:0:0:0:
36,192,54750,1,0,0:0:0:0:
109,192,54750,1,0,0:0:0:0:
36,192,55000,1,0,0:0:0:0:
36,192,55000,1,0,0:0:0:0:
109,192,55000,1,0,0:0:0:0:
256,192,55000,1,0,0:0:0:0:
329,192,55000,1,0,0:0:0:0:
36,192,55250,1,0,0:0:0:0:
36,192,55250,1,0,0:0:0:0:
109,192,55250,1,0,0:0:0:0:
256,192,55250,1,0,0:0:0:0:
329,192,55250,1,0,0:0:0:0:
402,192,55250,1,0,0:0:0:0:
36,192,55375,1,0,0:0:0:0:
256,192,55375,1,0,0:0:0:0:
329,192,55375,1,0,0:0:0:0:
36,192,55500,1,0,0:0:0:0:
109,192,55500,1,0,0:0:0:0:
36,192,55625,1,0,0:0:0:0:
256,192,55625,1,0,0:0:0:0:
329,192,55625,1,0,0:0:0:0:
36,192,55750,1,0,0:0:0:0:
109,192,55750,1,0,0:0:0:0:
36,192,56000,1,0,0:0:0:0:
109,192,56000,1,0,0:0:0:0:
36,192,56250,1,0,0:0:0:0:
36,192,56250,1,0,0:0:0:0:
109,192,56250,1,0,0:0:0:0:
256,192,56250,1,0,0:0:0:0:
329,192,56250,1,0,0:0:0:0:
36,192,56500,1,0,0:0:0:0:
36,192,56500,1,0,0:0:0:0:
109,192,56500,1,0,0:0:0:0:
256,192,56500,1,0,0:0:0:0:
329,192,56500,1,0,0:0:0:0:
36,192,56750,1,0,0:0:0:0:
36,192,56750,1,0,0:0:0:0:
109,192,56750,1,0,0:0:0:0:
256,192,56750,1,0,0:0:0:0:
329,192,56750,1,0,0:0:0:0:
36,192,57000,1,0,0:0:0:0:
36,192,57000,1,0,0:0:0:0:
109,192,57000,1,0,0:0:0:0:
256,192,57000,1,0,0:0:0:0:
329,192,57000,1,0,0:0:0:0:
36,192,57250,1,0,0:0:0:0:
36,192,57250,1,0,0:0:0:0:
109,192,57250,1,0,0:0:0:0:
256,192,57250,1,0,0:0:0:0:
329,192,57250,1,0,0:0:0:0:
36,192,57500,1,0,0:0:0:0:
36,192,57500,1,0,0:0:0:0:
109,192,57500,1,0,0:0:0:0:
256,192,57500,1,0,0:0:0:0:
329,192,57500,1,0,0:0:0:0:
36,192,57750,1,0,0:0:0:0:
36,192,57750,1,0,0:0:0:0:
109,192,57750,1,0,0:0:0:0:
256,192,57750,1,0,0:0:0:0:
329,192,57750,1,0,0:0:0:0:
36,192,58000,1,0,0:0:0:0:
36,192,58000,1,0,0:0:0:0:
109,192,58000,1,0,0:0:0:0:
182,192,58000,1,0,0:0:0:0:
256,192,58000,1,0,0:0:0:0:
329,192,58000,1,0,0:0:0:0:
402,192,58000,1,0,0:0:0:0:
475,192,58000,1,0,0:0:0:0:
36,192,58250,1,0,0:0:0:0:
109,192,58250,1,0,0:0:0:0:
36,192,58500,1,0,0:0:0:0:
36,192,58500,1,0,0:0:0:0:
109,192,58500,1,0,0:0:0:0:
256,192,58500,1,0,0:0:0:0:
329,192,58500,1,0,0:0:0:0:
402,192,58500,1,0,0:0:0:0:
36,192,58750,1,0,0:0:0:0:
109,192,58750,1,0,0:0:0:0:
36,192,59000,1,0,0:0:0:0:
36,192,59000,1,0,0:0:0:0:
109,192,59000,1,0,0:0:0:0:
256,192,59000,1,0,0:0:0:0:
329,192,59000,1,0,0:0:0:0:
402,192,59000,1,0,0:0:0:0:
36,192,59250,1,0,0:0:0:0:
36,192,59250,1,0,0:0:0:0:
109,192,59250,1,0,0:0:0:0:
256,192,59250,1,0,0:0:0:0:
329,192,59250,1,0,0:0:0:0:
402,192,59250,1,0,0:0:0:0:
36,192,59375,1,0,0:0:0:0:
256,192,59375,1,0,0:0:0:0:
329,192,59375,1,0,0:0:0:0:
36,192,59500,1,0,0:0:0:0:
109,192,59500,1,0,0:0:0:0:
36,192,59625,1,0,0:0:0:0:
256,192,59625,1,0,0:0:0:0:
329,192,59625,1,0,0:0:0:0:
402,192,59625,1,0,0:0:0:0:
36,192,59750,1,0,0:0:0:0:
109,192,59750,1,0,0:0:0:0:
182,192,59750,1,0,0:0:0:0:
36,192,60000,1,0,0:0:0:0:
109,192,60000,1,0,0:0:0:0:
182,192,60000,1,0,0:0:0:0:
36,192,60250,1,0,0:0:0:0:
36,192,60250,1,0,0:0:0:0:
109,192,60250,1,0,0:0:0:0:
256,192,60250,1,0,0:0:0:0:
329,192,60250,1,0,0:0:0:0:
36,192,60500,1,0,0:0:0:0:
36,192,60500,1,0,0:0:0:0:
109,192,60500,1,0,0:0:0:0:
256,192,60500,1,0,0:0:0:0:
329,192,60500,1,0,0:0:0:0:
36,192,60750,1,0,0:0:0:0:
36,192,60750,1,0,0:0:0:0:
109,192,60750,1,0,0:0:0:0:
256,192,60750,1,0,0:0:0:0:
329,192,60750,1,0,0:0:0:0:
36,192,61000,1,0,0:0:0:0:
36,192,61000,1,0,0:0:0:0:
109,192,61000,1,0,0:0:0:0:
256,192,61000,1,0,0:0:0:0:
329,192,61000,1,0,0:0:0:0:
36,192,61250,1,0,0:0:0:0:
36,192,61250,1,0,0:0:0:0:
109,192,61250,1,0,0:0:0:0:
256,192,61250,1,0,0:0:0:0:
329,192,61250,1,0,0:0:0:0:
36,192,61375,1,0,0:0:0:0:
256,192,61375,1,0,0:0:0:0:
329,192,61375,1,0,0:0:0:0:
36,192,61500,1,0,0:0:0:0:
109,192,61500,1,0,0:0:0:0:
36,192,61625,1,0,0:0:0:0:
256,192,61625,1,0,0:0:0:0:
329,192,61625,1,0,0:0:0:0:
36,192,61750,1,0,0:0:0:0:
109,192,61750,1,0,0:0:0:0:
36,192,62000,1,0,0:0:0:0:
109,192,62000,1,0,0:0:0:0:
182,192,62000,1,0,0:0:0:0:
36,192,62250,1,0,0:0:0:0:
36,192,62250,1,0,0:0:0:0:
109,192,62250,1,0,0:0:0:0:
256,192,62250,1,0,0:0:0:0:
329,192,62250,1,0,0:0:0:0:
36,192,62500,1,0,0:0:0:0:
36,192,62500,1,0,0:0:0:0:
109,192,62500,1,0,0:0:0:0:
256,192,62500,1,0,0:0:0:0:
329,192,62500,1,0,0:0:0:0:
36,192,62750,1,0,0:0:0:0:
36,192,62750,1,0,0:0:0:0:
109,192,62750,1,0,0:0:0:0:
256,192,62750,1,0,0:0:0:0:
329,192,62750,1,0,0:0:0:0:
36,192,63000,1,0,0:0:0:0:
36,192,63000,1,0,0:0:0:0:
109,192,63000,1,0,0:0:0:0:
182,192,63000,1,0,0:0:0:0:
256,192,63000,1,0,0:0:0:0:
329,192,63000,1,0,0:0:0:0:
36,192,63250,1,0,0:0:0:0:
36,192,63250,1,0,0:0:0:0:
109,192,63250,1,0,0:0:0:0:
256,192,63250,1,0,0:0:0:0:
329,192,63250,1,0,0:0:0:0:
36,192,63375,1,0,0:0:0:0:
256,192,63375,1,0,0:0:0:0:
329,192,63375,1,0,0:0:0:0:
36,192,63500,1,0,0:0:0:0:
109,192,63500,1,0,0:0:0:0:
36,192,63625,1,0,0:0:0:0:
256,192,63625,1,0,0:0:0:0:
329,192,63625,1,0,0:0:0:0:
36,192,63750,1,0,0:0:0:0:
109,192,63750,1,0,0:0:0:0:
36,192,64000,1,0,0:0:0:0:
36,192,64000,1,0,0:0:0:0:
109,192,64000,1,0,0:0:0:0:
182,192,64000,1,0,0:0:0:0:
256,192,64000,1,0,0:0:0:0:
329,192,64000,1,0,0:0:0:0:
36,192,64250,1,0,0:0:0:0:
109,192,64250,1,0,0:0:0:0:
36,192,64500,1,0,0:0:0:0:
109,192,64500,1,0,0:0:0:0:
36,192,64750,1,0,0:0:0:0:
109,192,64750,1,0,0:0:0:0:
36,192,65000,1,0,0:0:0:0:
109,192,65000,1,0,0:0:0:0:
256,192,65000,1,0,0:0:0:0:
329,192,65000,1,0,0:0:0:0:
36,192,65250,1,0,0:0:0:0:
109,192,65250,1,0,0:0:0:0:
36,192,65500,1,0,0:0:0:0:
109,192,65500,1,0,0:0:0:0:
256,192,65500,1,0,0:0:0:0:
329,192,65500,1,0,0:0:0:0:
402,192,65500,1,0,0:0:0:0:
36,192,65750,1,0,0:0:0:0:
109,192,65750,1,0,0:0:0:0:
36,192,66000,1,0,0:0:0:0:
109,192,66000,1,0,0:0:0:0:
182,192,66000,1,0,0:0:0:0:
256,192,66000,1,0,0:0:0:0:
329,192,66000,1,0,0:0:0:0:
402,192,66000,1,0,0:0:0:0:
475,192,66000,1,0,0:0:0:0:
36,192,66250,1,0,0:0:0:0:
109,192,66250,1,0,0:0:0:0:
256,192,66250,1,0,0:0:0:0:
329,192,66250,1,0,0:0:0:0:
36,192,66500,1,0,0:0:0:0:
109,192,66500,1,0,0:0:0:0:
256,192,66500,1,0,0:0:0:0:
329,192,66500,1,0,0:0:0:0:
36,192,66750,1,0,0:0:0:0:
109,192,66750,1,0,0:0:0:0:
256,192,66750,1,0,0:0:0:0:
329,192,66750,1,0,0:0:0:0:
36,192,67000,1,0,0:0:0:0:
109,192,67000,1,0,0:0:0:0:
256,192,67000,1,0,0:0:0:0:
329,192,67000,1,0,0:0:0:0:
36,192,67250,1,0,0:0:0:0:
109,192,67250,1,0,0:0:0:0:
256,192,67250,1,0,0:0:0:0:
329,192,67250,1,0,0:0:0:0:
36,192,67500,1,0,0:0:0:0:
109,192,67500,1,0,0:0:0:0:
256,192,67500,1,0,0:0:0:0:
329,192,67500,1,0,0:0:0:0:
36,192,67625,1,0,0:0:0:0:
256,192,67625,1,0,0:0:0:0:
329,192,67625,1,0,0:0:0:0:
36,192,67750,1,0,0:0:0:0:
109,192,67750,1,0,0:0:0:0:
182,192,67750,1,0,0:0:0:0:
256,192,67750,1,0,0:0:0:0:
329,192,67750,1,0,0:0:0:0:
36,192,68000,1,0,0:0:0:0:
109,192,68000,1,0,0:0:0:0:
182,192,68000,1,0,0:0:0:0:
256,192,68000,1,0,0:0:0:0:
329,192,68000,1,0,0:0:0:0:
402,192,68000,1,0,0:0:0:0:
475,192,68000,1,0,0:0:0:0:
36,192,68250,1,0,0:0:0:0:
109,192,68250,1,0,0:0:0:0:
256,192,68250,1,0,0:0:0:0:
329,192,68250,1,0,0:0:0:0:
36,192,68500,1,0,0:0:0:0:
109,192,68500,1,0,0:0:0:0:
256,192,68500,1,0,0:0:0:0:
329,192,68500,1,0,0:0:0:0:
36,192,68750,1,0,0:0:0:0:
109,192,68750,1,0,0:0:0:0:
256,192,68750,1,0,0:0:0:0:
329,192,68750,1,0,0:0:0:0:
36,192,69000,1,0,0:0:0:0:
109,192,69000,1,0,0:0:0:0:
256,192,69000,1,0,0:0:0:0:
329,192,69000,1,0,0:0:0:0:
36,192,69250,1,0,0:0:0:0:
109,192,69250,1,0,0:0:0:0:
256,192,69250,1,0,0:0:0:0:
329,192,69250,1,0,0:0:0:0:
36,192,69500,1,0,0:0:0:0:
109,192,69500,1,0,0:0:0:0:
256,192,69500,1,0,0:0:0:0:
329,192,69500,1,0,0:0:0:0:
36,192,69625,1,0,0:0:0:0:
256,192,69625,1,0,0:0:0:0:
329,192,69625,1,0,0:0:0:0:
36,192,69750,1,0,0:0:0:0:
109,192,69750,1,0,0:0:0:0:
256,192,69750,1,0,0:0:0:0:
329,192,69750,1,0,0:0:0:0:
36,192,70000,1,0,0:0:0:0:
109,192,70000,1,0,0:0:0:0:
182,192,70000,1,0,0:0:0:0:
256,192,70000,1,0,0:0:0:0:
329,192,70000,1,0,0:0:0:0:
475,192,70000,1,0,0:0:0:0:
402,192,70000,1,0,0:0:0:0:
36,192,70250,1,0,0:0:0:0:
109,192,70250,1,0,0:0:0:0:
256,192,70250,1,0,0:0:0:0:
329,192,70250,1,0,0:0:0:0:
36,192,70500,1,0,0:0:0:0:
109,192,70500,1,0,0:0:0:0:
256,192,70500,1,0,0:0:0:0:
329,192,70500,1,0,0:0:0:0:
36,192,70750,1,0,0:0:0:0:
109,192,70750,1,0,0:0:0:0:
256,192,70750,1,0,0:0:0:0:
329,192,70750,1,0,0:0:0:0:
36,192,71000,1,0,0:0:0:0:
109,192,71000,1,0,0:0:0:0:
256,192,71000,1,0,0:0:0:0:
329,192,71000,1,0,0:0:0:0:
36,192,71250,1,0,0:0:0:0:
109,192,71250,1,0,0:0:0:0:
256,192,71250,1,0,0:0:0:0:
329,192,71250,1,0,0:0:0:0:
36,192,71500,1,0,0:0:0:0:
109,192,71500,1,0,0:0:0:0:
256,192,71500,1,0,0:0:0:0:
329,192,71500,1,0,0:0:0:0:
36,192,71625,1,0,0:0:0:0:
36,192,71750,1,0,0:0:0:0:
109,192,71750,1,0,0:0:0:0:
256,192,71750,1,0,0:0:0:0:
329,192,71750,1,0,0:0:0:0:
36,192,72000,1,0,0:0:0:0:
109,192,72000,1,0,0:0:0:0:
182,192,72000,1,0,0:0:0:0:
256,192,72000,1,0,0:0:0:0:
329,192,72000,1,0,0:0:0:0:
36,192,72250,1,0,0:0:0:0:
109,192,72250,1,0,0:0:0:0:
256,192,72250,1,0,0:0:0:0:
329,192,72250,1,0,0:0:0:0:
36,192,72500,1,0,0:0:0:0:
109,192,72500,1,0,0:0:0:0:
256,192,72500,1,0,0:0:0:0:
329,192,72500,1,0,0:0:0:0:
36,192,72750,1,0,0:0:0:0:
109,192,72750,1,0,0:0:0:0:
256,192,72750,1,0,0:0:0:0:
329,192,72750,1,0,0:0:0:0:
36,192,73000,1,0,0:0:0:0:
109,192,73000,1,0,0:0:0:0:
182,192,73000,1,0,0:0:0:0:
256,192,73000,1,0,0:0:0:0:
329,192,73000,1,0,0:0:0:0:
36,192,73250,1,0,0:0:0:0:
109,192,73250,1,0,0:0:0:0:
36,192,73500,1,0,0:0:0:0:
109,192,73500,1,0,0:0:0:0:
36,192,73625,1,0,0:0:0:0:
36,192,73750,1,0,0:0:0:0:
109,192,73750,1,0,0:0:0:0:
256,192,73750,1,0,0:0:0:0:
329,192,73750,1,0,0:0:0:0:
256,192,73875,1,0,0:0:0:0:
329,192,73875,1,0,0:0:0:0:
36,192,74000,1,0,0:0:0:0:
109,192,74000,1,0,0:0:0:0:
256,192,74000,1,0,0:0:0:0:
329,192,74000,1,0,0:0:0:0:
402,192,74000,1,0,0:0:0:0:
475,192,74000,1,0,0:0:0:0:
36,192,74250,1,0,0:0:0:0:
109,192,74250,1,0,0:0:0:0:
256,192,74250,1,0,0:0:0:0:
329,192,74250,1,0,0:0:0:0:
36,192,74500,1,0,0:0:0:0:
109,192,74500,1,0,0:0:0:0:
256,192,74500,1,0,0:0:0:0:
329,192,74500,1,0,0:0:0:0:
36,192,74750,1,0,0:0:0:0:
109,192,74750,1,0,0:0:0:0:
256,192,74750,1,0,0:0:0:0:
329,192,74750,1,0,0:0:0:0:
36,192,75000,1,0,0:0:0:0:
109,192,75000,1,0,0:0:0:0:
256,192,75000,1,0,0:0:0:0:
329,192,75000,1,0,0:0:0:0:
36,192,75250,1,0,0:0:0:0:
109,192,75250,1,0,0:0:0:0:
256,192,75250,1,0,0:0:0:0:
329,192,75250,1,0,0:0:0:0:
36,192,75500,1,0,0:0:0:0:
109,192,75500,1,0,0:0:0:0:
256,192,75500,1,0,0:0:0:0:
329,192,75500,1,0,0:0:0:0:
36,192,75625,1,0,0:0:0:0:
256,192,75625,1,0,0:0:0:0:
329,192,75625,1,0,0:0:0:0:
36,192,75750,1,0,0:0:0:0:
109,192,75750,1,0,0:0:0:0:
256,192,75750,1,0,0:0:0:0:
329,192,75750,1,0,0:0:0:0:
36,192,76000,1,0,0:0:0:0:
109,192,76000,1,0,0:0:0:0:
182,192,76000,1,0,0:0:0:0:
256,192,76000,1,0,0:0:0:0:
329,192,76000,1,0,0:0:0:0:
402,192,76000,1,0,0:0:0:0:
475,192,76000,1,0,0:0:0:0:
36,192,76250,1,0,0:0:0:0:
109,192,76250,1,0,0:0:0:0:
256,192,76250,1,0,0:0:0:0:
329,192,76250,1,0,0:0:0:0:
36,192,76500,1,0,0:0:0:0:
109,192,76500,1,0,0:0:0:0:
256,192,76500,1,0,0:0:0:0:
329,192,76500,1,0,0:0:0:0:
36,192,76750,1,0,0:0:0:0:
109,192,76750,1,0,0:0:0:0:
256,192,76750,1,0,0:0:0:0:
329,192,76750,1,0,0:0:0:0:
36,192,77000,1,0,0:0:0:0:
109,192,77000,1,0,0:0:0:0:
256,192,77000,1,0,0:0:0:0:
329,192,77000,1,0,0:0:0:0:
36,192,77250,1,0,0:0:0:0:
109,192,77250,1,0,0:0:0:0:
256,192,77250,1,0,0:0:0:0:
329,192,77250,1,0,0:0:0:0:
36,192,77500,1,0,0:0:0:0:
109,192,77500,1,0,0:0:0:0:
256,192,77500,1,0,0:0:0:0:
329,192,77500,1,0,0:0:0:0:
36,192,77625,1,0,0:0:0:0:
256,192,77625,1,0,0:0:0:0:
329,192,77625,1,0,0:0:0:0:
36,192,77750,1,0,0:0:0:0:
109,192,77750,1,0,0:0:0:0:
256,192,77750,1,0,0:0:0:0:
329,192,77750,1,0,0:0:0:0:
36,192,78000,1,0,0:0:0:0:
109,192,78000,1,0,0:0:0:0:
182,192,78000,1,0,0:0:0:0:
256,192,78000,1,0,0:0:0:0:
329,192,78000,1,0,0:0:0:0:
475,192,78000,1,0,0:0:0:0:
402,192,78000,1,0,0:0:0:0:
36,192,78250,1,0,0:0:0:0:
109,192,78250,1,0,0:0:0:0:
256,192,78250,1,0,0:0:0:0:
329,192,78250,1,0,0:0:0:0:
36,192,78500,1,0,0:0:0:0:
109,192,78500,1,0,0:0:0:0:
256,192,78500,1,0,0:0:0:0:
329,192,78500,1,0,0:0:0:0:
36,192,78750,1,0,0:0:0:0:
109,192,78750,1,0,0:0:0:0:
256,192,78750,1,0,0:0:0:0:
329,192,78750,1,0,0:0:0:0:
36,192,79000,1,0,0:0:0:0:
109,192,79000,1,0,0:0:0:0:
256,192,79000,1,0,0:0:0:0:
329,192,79000,1,0,0:0:0:0:
36,192,79250,1,0,0:0:0:0:
109,192,79250,1,0,0:0:0:0:
256,192,79250,1,0,0:0:0:0:
329,192,79250,1,0,0:0:0:0:
36,192,79500,1,0,0:0:0:0:
109,192,79500,1,0,0:0:0:0:
256,192,79500,1,0,0:0:0:0:
329,192,79500,1,0,0:0:0:0:
36,192,79625,1,0,0:0:0:0:
36,192,79750,1,0,0:0:0:0:
109,192,79750,1,0,0:0:0:0:
256,192,79750,1,0,0:0:0:0:
329,192,79750,1,0,0:0:0:0:
36,192,80000,1,0,0:0:0:0:
109,192,80000,1,0,0:0:0:0:
182,192,80000,1,0,0:0:0:0:
256,192,80000,1,0,0:0:0:0:
329,192,80000,1,0,0:0:0:0:
36,192,80250,1,0,0:0:0:0:
109,192,80250,1,0,0:0:0:0:
256,192,80250,1,0,0:0:0:0:
329,192,80250,1,0,0:0:0:0:
36,192,80500,1,0,0:0:0:0:
109,192,80500,1,0,0:0:0:0:
256,192,80500,1,0,0:0:0:0:
329,192,80500,1,0,0:0:0:0:
36,192,80750,1,0,0:0:0:0:
109,192,80750,1,0,0:0:0:0:
256,192,80750,1,0,0:0:0:0:
329,192,80750,1,0,0:0:0:0:
36,192,81000,1,0,0:0:0:0:
109,192,81000,1,0,0:0:0:0:
256,192,81000,1,0,0:0:0:0:
329,192,81000,1,0,0:0:0:0:
36,192,81250,1,0,0:0:0:0:
109,192,81250,1,0,0:0:0:0:
36,192,81500,1,0,0:0:0:0:
109,192,81500,1,0,0:0:0:0:
36,192,81625,1,0,0:0:0:0:
36,192,81750,1,0,0:0:0:0:
109,192,81750,1,0,0:0:0:0:
36,192,82000,1,0,0:0:0:0:
109,192,82000,1,0,0:0:0:0:
182,192,82000,1,0,0:0:0:0:
256,192,82000,1,0,0:0:0:0:
329,192,82000,1,0,0:0:0:0:
402,192,82000,1,0,0:0:0:0:
475,192,82000,1,0,0:0:0:0:
36,192,82250,1,0,0:0:0:0:
109,192,82250,1,0,0:0:0:0:
256,192,82250,1,0,0:0:0:0:
329,192,82250,1,0,0:0:0:0:
36,192,82500,1,0,0:0:0:0:
109,192,82500,1,0,0:0:0:0:
256,192,82500,1,0,0:0:0:0:
329,192,82500,1,0,0:0:0:0:
36,192,82750,1,0,0:0:0:0:
109,192,82750,1,0,0:0:0:0:
256,192,82750,1,0,0:0:0:0:
329,192,82750,1,0,0:0:0:0:
36,192,83000,1,0,0:0:0:0:
109,192,83000,1,0,0:0:0:0:
256,192,83000,1,0,0:0:0:0:
329,192,83000,1,0,0:0:0:0:
36,192,83250,1,0,0:0:0:0:
109,192,83250,1,0,0:0:0:0:
256,192,83250,1,0,0:0:0:0:
329,192,83250,1,0,0:0:0:0:
36,192,83500,1,0,0:0:0:0:
109,192,83500,1,0,0:0:0:0:
256,192,83500,1,0,0:0:0:0:
329,192,83500,1,0,0:0:0:0:
36,192,83625,1,0,0:0:0:0:
256,192,83625,1,0,0:0:0:0:
329,192,83625,1,0,0:0:0:0:
36,192,83750,1,0,0:0:0:0:
109,192,83750,1,0,0:0:0:0:
256,192,83750,1,0,0:0:0:0:
329,192,83750,1,0,0:0:0:0:
36,192,84000,1,0,0:0:0:0:
109,192,84000,1,0,0:0:0:0:
182,192,84000,1,0,0:0:0:0:
256,192,84000,1,0,0:0:0:0:
329,192,84000,1,0,0:0:0:0:
402,192,84000,1,0,0:0:0:0:
475,192,84000,1,0,0:0:0:0:
36,192,84250,1,0,0:0:0:0:
109,192,84250,1,0,0:0:0:0:
256,192,84250,1,0,0:0:0:0:
329,192,84250,1,0,0:0:0:0:
36,192,84500,1,0,0:0:0:0:
109,192,84500,1,0,0:0:0:0:
256,192,84500,1,0,0:0:0:0:
329,192,84500,1,0,0:0:0:0:
36,192,84750,1,0,0:0:0:0:
109,192,84750,1,0,0:0:0:0:
256,192,84750,1,0,0:0:0:0:
329,192,84750,1,0,0:0:0:0:
36,192,85000,1,0,0:0:0:0:
109,192,85000,1,0,0:0:0:0:
256,192,85000,1,0,0:0:0:0:
329,192,85000,1,0,0:0:0:0:
36,192,85250,1,0,0:0:0:0:
109,192,85250,1,0,0:0:0:0:
256,192,85250,1,0,0:0:0:0:
329,192,85250,1,0,0:0:0:0:
36,192,85500,1,0,0:0:0:0:
109,192,85500,1,0,0:0:0:0:
256,192,85500,1,0,0:0:0:0:
329,192,85500,1,0,0:0:0:0:
36,192,85625,1,0,0:0:0:0:
256,192,85625,1,0,0:0:0:0:
329,192,85625,1,0,0:0:0:0:
36,192,85750,1,0,0:0:0:0:
109,192,85750,1,0,0:0:0:0:
256,192,85750,1,0,0:0:0:0:
329,192,85750,1,0,0:0:0:0:
36,192,86000,1,0,0:0:0:0:
109,192,86000,1,0,0:0:0:0:
182,192,86000,1,0,0:0:0:0:
256,192,86000,1,0,0:0:0:0:
329,192,86000,1,0,0:0:0:0:
475,192,86000,1,0,0:0:0:0:
402,192,86000,1,0,0:0:0:0:
36,192,86250,1,0,0:0:0:0:
109,192,86250,1,0,0:0:0:0:
256,192,86250,1,0,0:0:0:0:
329,192,86250,1,0,0:0:0:0:
36,192,86500,1,0,0:0:0:0:
109,192,86500,1,0,0:0:0:0:
256,192,86500,1,0,0:0:0:0:
329,192,86500,1,0,0:0:0:0:
36,192,86750,1,0,0:0:0:0:
109,192,86750,1,0,0:0:0:0:
256,192,86750,1,0,0:0:0:0:
329,192,86750,1,0,0:0:0:0:
36,192,87000,1,0,0:0:0:0:
109,192,87000,1,0,0:0:0:0:
256,192,87000,1,0,0:0:0:0:
329,192,87000,1,0,0:0:0:0:
36,192,87250,1,0,0:0:0:0:
109,192,87250,1,0,0:0:0:0:
256,192,87250,1,0,0:0:0:0:
329,192,87250,1,0,0:0:0:0:
36,192,87500,1,0,0:0:0:0:
109,192,87500,1,0,0:0:0:0:
256,192,87500,1,0,0:0:0:0:
329,192,87500,1,0,0:0:0:0:
36,192,87625,1,0,0:0:0:0:
36,192,87750,1,0,0:0:0:0:
109,192,87750,1,0,0:0:0:0:
256,192,87750,1,0,0:0:0:0:
329,192,87750,1,0,0:0:0:0:
36,192,88000,1,0,0:0:0:0:
109,192,88000,1,0,0:0:0:0:
182,192,88000,1,0,0:0:0:0:
256,192,88000,1,0,0:0:0:0:
329,192,88000,1,0,0:0:0:0:
36,192,88250,1,0,0:0:0:0:
109,192,88250,1,0,0:0:0:0:
256,192,88250,1,0,0:0:0:0:
329,192,88250,1,0,0:0:0:0:
36,192,88500,1,0,0:0:0:0:
109,192,88500,1,0,0:0:0:0:
256,192,88500,1,0,0:0:0:0:
329,192,88500,1,0,0:0:0:0:
36,192,88750,1,0,0:0:0:0:
109,192,88750,1,0,0:0:0:0:
256,192,88750,1,0,0:0:0:0:
329,192,88750,1,0,0:0:0:0:
36,192,89000,1,0,0:0:0:0:
109,192,89000,1,0,0:0:0:0:
256,192,89000,1,0,0:0:0:0:
329,192,89000,1,0,0:0:0:0:
36,192,89250,1,0,0:0:0:0:
109,192,89250,1,0,0:0:0:0:
36,192,89500,1,0,0:0:0:0:
109,192,89500,1,0,0:0:0:0:
36,192,89625,1,0,0:0:0:0:
36,192,89750,1,0,0:0:0:0:
109,192,89750,1,0,0:0:0:0:
256,192,89750,1,0,0:0:0:0:
329,192,89750,1,0,0:0:0:0:
256,192,89875,1,0,0:0:0:0:
329,192,89875,1,0,0:0:0:0:
36,192,90000,1,0,0:0:0:0:
109,192,90000,1,0,0:0:0:0:
182,192,90000,1,0,0:0:0:0:
256,192,90000,1,0,0:0:0:0:
329,192,90000,1,0,0:0:0:0:
402,192,90000,1,0,0:0:0:0:
475,192,90000,1,0,0:0:0:0:
36,192,90250,1,0,0:0:0:0:
109,192,90250,1,0,0:0:0:0:
256,192,90250,1,0,0:0:0:0:
329,192,90250,1,0,0:0:0:0:
36,192,90500,1,0,0:0:0:0:
109,192,90500,1,0,0:0:0:0:
256,192,90500,1,0,0:0:0:0:
329,192,90500,1,0,0:0:0:0:
36,192,90750,1,0,0:0:0:0:
109,192,90750,1,0,0:0:0:0:
256,192,90750,1,0,0:0:0:0:
329,192,90750,1,0,0:0:0:0:
36,192,91000,1,0,0:0:0:0:
109,192,91000,1,0,0:0:0:0:
256,192,91000,1,0,0:0:0:0:
329,192,91000,1,0,0:0:0:0:
36,192,91250,1,0,0:0:0:0:
109,192,91250,1,0,0:0:0:0:
256,192,91250,1,0,0:0:0:0:
329,192,91250,1,0,0:0:0:0:
36,192,91500,1,0,0:0:0:0:
109,192,91500,1,0,0:0:0:0:
256,192,91500,1,0,0:0:0:0:
329,192,91500,1,0,0:0:0:0:
36,192,91625,1,0,0:0:0:0:
256,192,91625,1,0,0:0:0:0:
329,192,91625,1,0,0:0:0:0:
36,192,91750,1,0,0:0:0:0:
109,192,91750,1,0,0:0:0:0:
256,192,91750,1,0,0:0:0:0:
329,192,91750,1,0,0:0:0:0:
36,192,92000,1,0,0:0:0:0:
109,192,92000,1,0,0:0:0:0:
182,192,92000,1,0,0:0:0:0:
256,192,92000,1,0,0:0:0:0:
329,192,92000,1,0,0:0:0:0:
402,192,92000,1,0,0:0:0:0:
475,192,92000,1,0,0:0:0:0:
36,192,92250,1,0,0:0:0:0:
109,192,92250,1,0,0:0:0:0:
256,192,92250,1,0,0:0:0:0:
329,192,92250,1,0,0:0:0:0:
36,192,92500,1,0,0:0:0:0:
109,192,92500,1,0,0:0:0:0:
256,192,92500,1,0,0:0:0:0:
329,192,92500,1,0,0:0:0:0:
36,192,92750,1,0,0:0:0:0:
109,192,92750,1,0,0:0:0:0:
256,192,92750,1,0,0:0:0:0:
329,192,92750,1,0,0:0:0:0:
36,192,93000,1,0,0:0:0:0:
109,192,93000,1,0,0:0:0:0:
256,192,93000,1,0,0:0:0:0:
329,192,93000,1,0,0:0:0:0:
36,192,93250,1,0,0:0:0:0:
109,192,93250,1,0,0:0:0:0:
256,192,93250,1,0,0:0:0:0:
329,192,93250,1,0,0:0:0:0:
36,192,93500,1,0,0:0:0:0:
109,192,93500,1,0,0:0:0:0:
256,192,93500,1,0,0:0:0:0:
329,192,93500,1,0,0:0:0:0:
36,192,93625,1,0,0:0:0:0:
256,192,93625,1,0,0:0:0:0:
329,192,93625,1,0,0:0:0:0:
36,192,93750,1,0,0:0:0:0:
109,192,93750,1,0,0:0:0:0:
256,192,93750,1,0,0:0:0:0:
329,192,93750,1,0,0:0:0:0:
36,192,94000,1,0,0:0:0:0:
109,192,94000,1,0,0:0:0:0:
182,192,94000,1,0,0:0:0:0:
256,192,94000,1,0,0:0:0:0:
329,192,94000,1,0,0:0:0:0:
402,192,94000,1,0,0:0:0:0:
475,192,94000,1,0,0:0:0:0:
36,192,94250,1,0,0:0:0:0:
109,192,94250,1,0,0:0:0:0:
256,192,94250,1,0,0:0:0:0:
329,192,94250,1,0,0:0:0:0:
36,192,94500,1,0,0:0:0:0:
109,192,94500,1,0,0:0:0:0:
256,192,94500,1,0,0:0:0:0:
329,192,94500,1,0,0:0:0:0:
36,192,94750,1,0,0:0:0:0:
109,192,94750,1,0,0:0:0:0:
256,192,94750,1,0,0:0:0:0:
329,192,94750,1,0,0:0:0:0:
36,192,95000,1,0,0:0:0:0:
109,192,95000,1,0,0:0:0:0:
256,192,95000,1,0,0:0:0:0:
329,192,95000,1,0,0:0:0:0:
36,192,95250,1,0,0:0:0:0:
109,192,95250,1,0,0:0:0:0:
256,192,95250,1,0,0:0:0:0:
329,192,95250,1,0,0:0:0:0:
36,192,95500,1,0,0:0:0:0:
109,192,95500,1,0,0:0:0:0:
256,192,95500,1,0,0:0:0:0:
329,192,95500,1,0,0:0:0:0:
36,192,95625,1,0,0:0:0:0:
36,192,95750,1,0,0:0:0:0:
109,192,95750,1,0,0:0:0:0:
182,192,95750,1,0,0:0:0:0:
256,192,95750,1,0,0:0:0:0:
329,192,95750,1,0,0:0:0:0:
36,192,96000,1,0,0:0:0:0:
109,192,96000,1,0,0:0:0:0:
182,192,96000,1,0,0:0:0:0:
256,192,96000,1,0,0:0:0:0:
329,192,96000,1,0,0:0:0:0:
36,192,96250,1,0,0:0:0:0:
109,192,96250,1,0,0:0:0:0:
256,192,96250,1,0,0:0:0:0:
329,192,96250,1,0,0:0:0:0:
36,192,96500,1,0,0:0:0:0:
109,192,96500,1,0,0:0:0:0:
256,192,96500,1,0,0:0:0:0:
329,192,96500,1,0,0:0:0:0:
36,192,96750,1,0,0:0:0:0:
109,192,96750,1,0,0:0:0:0:
256,192,96750,1,0,0:0:0:0:
329,192,96750,1,0,0:0:0:0:
36,192,97000,1,0,0:0:0:0:
109,192,97000,1,0,0:0:0:0:
256,192,97000,1,0,0:0:0:0:
329,192,97000,1,0,0:0:0:0:
36,192,97250,1,0,0:0:0:0:
109,192,97250,1,0,0:0:0:0:
36,192,97500,1,0,0:0:0:0:
109,192,97500,1,0,0:0:0:0:
36,192,97625,1,0,0:0:0:0:
36,192,97750,1,0,0:0:0:0:
109,192,97750,1,0,0:0:0:0:
36,192,98000,1,0,0:0:0:0:
36,192,98000,1,0,0:0:0:0:
109,192,98000,1,0,0:0:0:0:
182,192,98000,1,0,0:0:0:0:
256,192,98000,1,0,0:0:0:0:
329,192,98000,1,0,0:0:0:0:
402,192,98000,1,0,0:0:0:0:
475,192,98000,1,0,0:0:0:0:
36,192,98250,1,0,0:0:0:0:
36,192,98250,1,0,0:0:0:0:
109,192,98250,1,0,0:0:0:0:
256,192,98250,1,0,0:0:0:0:
329,192,98250,1,0,0:0:0:0:
36,192,98375,1,0,0:0:0:0:
256,192,98375,1,0,0:0:0:0:
329,192,98375,1,0,0:0:0:0:
36,192,98500,1,0,0:0:0:0:
109,192,98500,1,0,0:0:0:0:
36,192,98625,1,0,0:0:0:0:
256,192,98625,1,0,0:0:0:0:
329,192,98625,1,0,0:0:0:0:
36,192,98750,1,0,0:0:0:0:
109,192,98750,1,0,0:0:0:0:
36,192,98875,1,0,0:0:0:0:
256,192,98875,1,0,0:0:0:0:
329,192,98875,1,0,0:0:0:0:
402,192,98875,1,0,0:0:0:0:
36,192,99000,1,0,0:0:0:0:
109,192,99000,1,0,0:0:0:0:
182,192,99000,1,0,0:0:0:0:
36,192,99125,1,0,0:0:0:0:
256,192,99125,1,0,0:0:0:0:
329,192,99125,1,0,0:0:0:0:
402,192,99125,1,0,0:0:0:0:
36,192,99250,1,0,0:0:0:0:
109,192,99250,1,0,0:0:0:0:
36,192,99375,1,0,0:0:0:0:
256,192,99375,1,0,0:0:0:0:
329,192,99375,1,0,0:0:0:0:
402,192,99375,1,0,0:0:0:0:
36,192,99500,1,0,0:0:0:0:
109,192,99500,1,0,0:0:0:0:
36,192,99625,1,0,0:0:0:0:
256,192,99625,1,0,0:0:0:0:
329,192,99625,1,0,0:0:0:0:
402,192,99625,1,0,0:0:0:0:
36,192,99750,1,0,0:0:0:0:
36,192,99750,1,0,0:0:0:0:
109,192,99750,1,0,0:0:0:0:
256,192,99750,1,0,0:0:0:0:
329,192,99750,1,0,0:0:0:0:
36,192,99875,1,0,0:0:0:0:
256,192,99875,1,0,0:0:0:0:
329,192,99875,1,0,0:0:0:0:
36,192,100000,1,0,0:0:0:0:
36,192,100000,1,0,0:0:0:0:
109,192,100000,1,0,0:0:0:0:
182,192,100000,1,0,0:0:0:0:
256,192,100000,1,0,0:0:0:0:
329,192,100000,1,0,0:0:0:0:
36,192,100250,1,0,0:0:0:0:
36,192,100250,1,0,0:0:0:0:
109,192,100250,1,0,0:0:0:0:
256,192,100250,1,0,0:0:0:0:
329,192,100250,1,0,0:0:0:0:
36,192,100375,1,0,0:0:0:0:
256,192,100375,1,0,0:0:0:0:
329,192,100375,1,0,0:0:0:0:
36,192,100500,1,0,0:0:0:0:
109,192,100500,1,0,0:0:0:0:
36,192,100625,1,0,0:0:0:0:
256,192,100625,1,0,0:0:0:0:
329,192,100625,1,0,0:0:0:0:
36,192,100750,1,0,0:0:0:0:
109,192,100750,1,0,0:0:0:0:
36,192,100875,1,0,0:0:0:0:
256,192,100875,1,0,0:0:0:0:
329,192,100875,1,0,0:0:0:0:
36,192,101000,1,0,0:0:0:0:
109,192,101000,1,0,0:0:0:0:
182,192,101000,1,0,0:0:0:0:
36,192,101125,1,0,0:0:0:0:
256,192,101125,1,0,0:0:0:0:
329,192,101125,1,0,0:0:0:0:
36,192,101250,1,0,0:0:0:0:
109,192,101250,1,0,0:0:0:0:
36,192,101500,1,0,0:0:0:0:
109,192,101500,1,0,0:0:0:0:
36,192,101750,1,0,0:0:0:0:
109,192,101750,1,0,0:0:0:0:
36,192,102000,1,0,0:0:0:0:
36,192,102000,1,0,0:0:0:0:
109,192,102000,1,0,0:0:0:0:
182,192,102000,1,0,0:0:0:0:
256,192,102000,1,0,0:0:0:0:
329,192,102000,1,0,0:0:0:0:
402,192,102000,1,0,0:0:0:0:
475,192,102000,1,0,0:0:0:0:
36,192,102250,1,0,0:0:0:0:
36,192,102250,1,0,0:0:0:0:
109,192,102250,1,0,0:0:0:0:
256,192,102250,1,0,0:0:0:0:
329,192,102250,1,0,0:0:0:0:
36,192,102375,1,0,0:0:0:0:
256,192,102375,1,0,0:0:0:0:
329,192,102375,1,0,0:0:0:0:
36,192,102500,1,0,0:0:0:0:
109,192,102500,1,0,0:0:0:0:
36,192,102625,1,0,0:0:0:0:
256,192,102625,1,0,0:0:0:0:
329,192,102625,1,0,0:0:0:0:
36,192,102750,1,0,0:0:0:0:
109,192,102750,1,0,0:0:0:0:
36,192,102875,1,0,0:0:0:0:
256,192,102875,1,0,0:0:0:0:
329,192,102875,1,0,0:0:0:0:
402,192,102875,1,0,0:0:0:0:
36,192,103000,1,0,0:0:0:0:
109,192,103000,1,0,0:0:0:0:
182,192,103000,1,0,0:0:0:0:
36,192,103125,1,0,0:0:0:0:
256,192,103125,1,0,0:0:0:0:
402,192,103125,1,0,0:0:0:0:
329,192,103125,1,0,0:0:0:0:
36,192,103250,1,0,0:0:0:0:
109,192,103250,1,0,0:0:0:0:
36,192,103375,1,0,0:0:0:0:
256,192,103375,1,0,0:0:0:0:
329,192,103375,1,0,0:0:0:0:
402,192,103375,1,0,0:0:0:0:
36,192,103500,1,0,0:0:0:0:
109,192,103500,1,0,0:0:0:0:
36,192,103625,1,0,0:0:0:0:
256,192,103625,1,0,0:0:0:0:
329,192,103625,1,0,0:0:0:0:
402,192,103625,1,0,0:0:0:0:
36,192,103750,1,0,0:0:0:0:
36,192,103750,1,0,0:0:0:0:
109,192,103750,1,0,0:0:0:0:
256,192,103750,1,0,0:0:0:0:
329,192,103750,1,0,0:0:0:0:
36,192,103875,1,0,0:0:0:0:
256,192,103875,1,0,0:0:0:0:
329,192,103875,1,0,0:0:0:0:
36,192,104000,1,0,0:0:0:0:
109,192,104000,1,0,0:0:0:0:
182,192,104000,1,0,0:0:0:0:
36,192,104250,1,0,0:0:0:0:
36,192,104250,1,0,0:0:0:0:
109,192,104250,1,0,0:0:0:0:
256,192,104250,1,0,0:0:0:0:
329,192,104250,1,0,0:0:0:0:
36,192,104500,1,0,0:0:0:0:
36,192,104500,1,0,0:0:0:0:
109,192,104500,1,0,0:0:0:0:
256,192,104500,1,0,0:0:0:0:
329,192,104500,1,0,0:0:0:0:
36,192,104750,1,0,0:0:0:0:
36,192,104750,1,0,0:0:0:0:
109,192,104750,1,0,0:0:0:0:
256,192,104750,1,0,0:0:0:0:
329,192,104750,1,0,0:0:0:0:
402,192,104750,1,0,0:0:0:0:
36,192,105000,1,0,0:0:0:0:
36,192,105000,1,0,0:0:0:0:
109,192,105000,1,0,0:0:0:0:
182,192,105000,1,0,0:0:0:0:
256,192,105000,1,0,0:0:0:0:
329,192,105000,1,0,0:0:0:0:
402,192,105000,1,0,0:0:0:0:
36,192,105250,1,0,0:0:0:0:
36,192,105250,1,0,0:0:0:0:
109,192,105250,1,0,0:0:0:0:
256,192,105250,1,0,0:0:0:0:
329,192,105250,1,0,0:0:0:0:
36,192,105375,1,0,0:0:0:0:
256,192,105375,1,0,0:0:0:0:
329,192,105375,1,0,0:0:0:0:
402,192,105375,1,0,0:0:0:0:
36,192,105500,1,0,0:0:0:0:
109,192,105500,1,0,0:0:0:0:
36,192,105625,1,0,0:0:0:0:
256,192,105625,1,0,0:0:0:0:
329,192,105625,1,0,0:0:0:0:
36,192,105750,1,0,0:0:0:0:
109,192,105750,1,0,0:0:0:0:
36,192,106000,1,0,0:0:0:0:
36,192,106000,1,0,0:0:0:0:
109,192,106000,1,0,0:0:0:0:
182,192,106000,1,0,0:0:0:0:
256,192,106000,1,0,0:0:0:0:
329,192,106000,1,0,0:0:0:0:
36,192,106250,1,0,0:0:0:0:
36,192,106250,1,0,0:0:0:0:
109,192,106250,1,0,0:0:0:0:
256,192,106250,1,0,0:0:0:0:
329,192,106250,1,0,0:0:0:0:
36,192,106375,1,0,0:0:0:0:
256,192,106375,1,0,0:0:0:0:
329,192,106375,1,0,0:0:0:0:
36,192,106500,1,0,0:0:0:0:
109,192,106500,1,0,0:0:0:0:
36,192,106625,1,0,0:0:0:0:
256,192,106625,1,0,0:0:0:0:
329,192,106625,1,0,0:0:0:0:
36,192,106750,1,0,0:0:0:0:
109,192,106750,1,0,0:0:0:0:
36,192,106875,1,0,0:0:0:0:
256,192,106875,1,0,0:0:0:0:
329,192,106875,1,0,0:0:0:0:
36,192,107000,1,0,0:0:0:0:
109,192,107000,1,0,0:0:0:0:
182,192,107000,1,0,0:0:0:0:
36,192,107125,1,0,0:0:0:0:
256,192,107125,1,0,0:0:0:0:
329,192,107125,1,0,0:0:0:0:
36,192,107250,1,0,0:0:0:0:
109,192,107250,1,0,0:0:0:0:
36,192,107375,1,0,0:0:0:0:
256,192,107375,1,0,0:0:0:0:
329,192,107375,1,0,0:0:0:0:
36,192,107500,1,0,0:0:0:0:
109,192,107500,1,0,0:0:0:0:
36,192,107625,1,0,0:0:0:0:
256,192,107625,1,0,0:0:0:0:
329,192,107625,1,0,0:0:0:0:
36,192,107750,1,0,0:0:0:0:
36,192,107750,1,0,0:0:0:0:
109,192,107750,1,0,0:0:0:0:
256,192,107750,1,0,0:0:0:0:
329,192,107750,1,0,0:0:0:0:
36,192,107875,1,0,0:0:0:0:
256,192,107875,1,0,0:0:0:0:
329,192,107875,1,0,0:0:0:0:
36,192,108000,1,0,0:0:0:0:
36,192,108000,1,0,0:0:0:0:
109,192,108000,1,0,0:0:0:0:
182,192,108000,1,0,0:0:0:0:
256,192,108000,1,0,0:0:0:0:
329,192,108000,1,0,0:0:0:0:
36,192,108250,1,0,0:0:0:0:
36,192,108250,1,0,0:0:0:0:
109,192,108250,1,0,0:0:0:0:
256,192,108250,1,0,0:0:0:0:
329,192,108250,1,0,0:0:0:0:
36,192,108375,1,0,0:0:0:0:
256,192,108375,1,0,0:0:0:0:
329,192,108375,1,0,0:0:0:0:
36,192,108500,1,0,0:0:0:0:
109,192,108500,1,0,0:0:0:0:
36,192,108625,1,0,0:0:0:0:
256,192,108625,1,0,0:0:0:0:
329,192,108625,1,0,0:0:0:0:
36,192,108750,1,0,0:0:0:0:
109,192,108750,1,0,0:0:0:0:
36,192,108875,1,0,0:0:0:0:
256,192,108875,1,0,0:0:0:0:
329,192,108875,1,0,0:0:0:0:
36,192,109000,1,0,0:0:0:0:
109,192,109000,1,0,0:0:0:0:
182,192,109000,1,0,0:0:0:0:
36,192,109125,1,0,0:0:0:0:
256,192,109125,1,0,0:0:0:0:
329,192,109125,1,0,0:0:0:0:
36,192,109250,1,0,0:0:0:0:
109,192,109250,1,0,0:0:0:0:
36,192,109500,1,0,0:0:0:0:
109,192,109500,1,0,0:0:0:0:
36,192,109750,1,0,0:0:0:0:
109,192,109750,1,0,0:0:0:0:
36,192,110000,1,0,0:0:0:0:
36,192,110000,1,0,0:0:0:0:
109,192,110000,1,0,0:0:0:0:
182,192,110000,1,0,0:0:0:0:
256,192,110000,1,0,0:0:0:0:
329,192,110000,1,0,0:0:0:0:
402,192,110000,1,0,0:0:0:0:
475,192,110000,1,0,0:0:0:0:
36,192,110250,1,0,0:0:0:0:
36,192,110250,1,0,0:0:0:0:
109,192,110250,1,0,0:0:0:0:
256,192,110250,1,0,0:0:0:0:
329,192,110250,1,0,0:0:0:0:
36,192,110375,1,0,0:0:0:0:
256,192,110375,1,0,0:0:0:0:
329,192,110375,1,0,0:0:0:0:
36,192,110500,1,0,0:0:0:0:
109,192,110500,1,0,0:0:0:0:
36,192,110625,1,0,0:0:0:0:
256,192,110625,1,0,0:0:0:0:
329,192,110625,1,0,0:0:0:0:
36,192,110750,1,0,0:0:0:0:
109,192,110750,1,0,0:0:0:0:
36,192,110875,1,0,0:0:0:0:
256,192,110875,1,0,0:0:0:0:
329,192,110875,1,0,0:0:0:0:
36,192,111000,1,0,0:0:0:0:
109,192,111000,1,0,0:0:0:0:
182,192,111000,1,0,0:0:0:0:
36,192,111125,1,0,0:0:0:0:
256,192,111125,1,0,0:0:0:0:
329,192,111125,1,0,0:0:0:0:
36,192,111250,1,0,0:0:0:0:
109,192,111250,1,0,0:0:0:0:
36,192,111375,1,0,0:0:0:0:
256,192,111375,1,0,0:0:0:0:
329,192,111375,1,0,0:0:0:0:
36,192,111500,1,0,0:0:0:0:
109,192,111500,1,0,0:0:0:0:
36,192,111625,1,0,0:0:0:0:
256,192,111625,1,0,0:0:0:0:
329,192,111625,1,0,0:0:0:0:
36,192,111750,1,0,0:0:0:0:
36,192,111750,1,0,0:0:0:0:
109,192,111750,1,0,0:0:0:0:
256,192,111750,1,0,0:0:0:0:
329,192,111750,1,0,0:0:0:0:
36,192,111875,1,0,0:0:0:0:
256,192,111875,1,0,0:0:0:0:
329,192,111875,1,0,0:0:0:0:
36,192,112000,1,0,0:0:0:0:
109,192,112000,1,0,0:0:0:0:
182,192,112000,1,0,0:0:0:0:
36,192,112250,1,0,0:0:0:0:
36,192,112250,1,0,0:0:0:0:
109,192,112250,1,0,0:0:0:0:
256,192,112250,1,0,0:0:0:0:
329,192,112250,1,0,0:0:0:0:
402,192,112250,1,0,0:0:0:0:
36,192,112500,1,0,0:0:0:0:
36,192,112500,1,0,0:0:0:0:
109,192,112500,1,0,0:0:0:0:
256,192,112500,1,0,0:0:0:0:
402,192,112500,1,0,0:0:0:0:
329,192,112500,1,0,0:0:0:0:
36,192,112750,1,0,0:0:0:0:
36,192,112750,1,0,0:0:0:0:
109,192,112750,1,0,0:0:0:0:
256,192,112750,1,0,0:0:0:0:
329,192,112750,1,0,0:0:0:0:
402,192,112750,1,0,0:0:0:0:
36,192,113000,1,0,0:0:0:0:
36,192,113000,1,0,0:0:0:0:
109,192,113000,1,0,0:0:0:0:
182,192,113000,1,0,0:0:0:0:
256,192,113000,1,0,0:0:0:0:
402,192,113000,1,0,0:0:0:0:
329,192,113000,1,0,0:0:0:0:
36,192,113250,1,0,0:0:0:0:
36,192,113250,1,0,0:0:0:0:
109,192,113250,1,0,0:0:0:0:
256,192,113250,1,0,0:0:0:0:
329,192,113250,1,0,0:0:0:0:
402,192,113250,1,0,0:0:0:0:
36,192,113375,1,0,0:0:0:0:
256,192,113375,1,0,0:0:0:0:
329,192,113375,1,0,0:0:0:0:
36,192,113500,1,0,0:0:0:0:
109,192,113500,1,0,0:0:0:0:
36,192,113625,1,0,0:0:0:0:
256,192,113625,1,0,0:0:0:0:
329,192,113625,1,0,0:0:0:0:
402,192,113625,1,0,0:0:0:0:
36,192,113750,1,0,0:0:0:0:
109,192,113750,1,0,0:0:0:0:
36,192,114000,1,0,0:0:0:0:
36,192,114000,1,0,0:0:0:0:
109,192,114000,1,0,0:0:0:0:
256,192,114000,1,0,0:0:0:0:
329,192,114000,1,0,0:0:0:0:
475,192,114000,1,0,0:0:0:0:
402,192,114000,1,0,0:0:0:0:
36,192,114250,1,0,0:0:0:0:
36,192,114250,1,0,0:0:0:0:
109,192,114250,1,0,0:0:0:0:
256,192,114250,1,0,0:0:0:0:
329,192,114250,1,0,0:0:0:0:
36,192,114375,1,0,0:0:0:0:
256,192,114375,1,0,0:0:0:0:
329,192,114375,1,0,0:0:0:0:
36,192,114500,1,0,0:0:0:0:
109,192,114500,1,0,0:0:0:0:
36,192,114625,1,0,0:0:0:0:
256,192,114625,1,0,0:0:0:0:
329,192,114625,1,0,0:0:0:0:
36,192,114750,1,0,0:0:0:0:
109,192,114750,1,0,0:0:0:0:
36,192,114875,1,0,0:0:0:0:
256,192,114875,1,0,0:0:0:0:
329,192,114875,1,0,0:0:0:0:
36,192,115000,1,0,0:0:0:0:
109,192,115000,1,0,0:0:0:0:
36,192,115125,1,0,0:0:0:0:
256,192,115125,1,0,0:0:0:0:
329,192,115125,1,0,0:0:0:0:
36,192,115250,1,0,0:0:0:0:
109,192,115250,1,0,0:0:0:0:
36,192,115375,1,0,0:0:0:0:
256,192,115375,1,0,0:0:0:0:
329,192,115375,1,0,0:0:0:0:
36,192,115500,1,0,0:0:0:0:
109,192,115500,1,0,0:0:0:0:
36,192,115625,1,0,0:0:0:0:
256,192,115625,1,0,0:0:0:0:
329,192,115625,1,0,0:0:0:0:
36,192,115750,1,0,0:0:0:0:
36,192,115750,1,0,0:0:0:0:
109,192,115750,1,0,0:0:0:0:
256,192,115750,1,0,0:0:0:0:
329,192,115750,1,0,0:0:0:0:
36,192,115875,1,0,0:0:0:0:
256,192,115875,1,0,0:0:0:0:
329,192,115875,1,0,0:0:0:0:
36,192,116000,1,0,0:0:0:0:
36,192,116000,1,0,0:0:0:0:
109,192,116000,1,0,0:0:0:0:
256,192,116000,1,0,0:0:0:0:
329,192,116000,1,0,0:0:0:0:
36,192,116250,1,0,0:0:0:0:
36,192,116250,1,0,0:0:0:0:
109,192,116250,1,0,0:0:0:0:
256,192,116250,1,0,0:0:0:0:
329,192,116250,1,0,0:0:0:0:
36,192,116375,1,0,0:0:0:0:
256,192,116375,1,0,0:0:0:0:
329,192,116375,1,0,0:0:0:0:
36,192,116500,1,0,0:0:0:0:
109,192,116500,1,0,0:0:0:0:
36,192,116625,1,0,0:0:0:0:
256,192,116625,1,0,0:0:0:0:
329,192,116625,1,0,0:0:0:0:
36,192,116750,1,0,0:0:0:0:
109,192,116750,1,0,0:0:0:0:
36,192,116875,1,0,0:0:0:0:
256,192,116875,1,0,0:0:0:0:
329,192,116875,1,0,0:0:0:0:
36,192,117000,1,0,0:0:0:0:
109,192,117000,1,0,0:0:0:0:
36,192,117125,1,0,0:0:0:0:
256,192,117125,1,0,0:0:0:0:
329,192,117125,1,0,0:0:0:0:
36,192,117250,1,0,0:0:0:0:
109,192,117250,1,0,0:0:0:0:
36,192,117375,1,0,0:0:0:0:
256,192,117375,1,0,0:0:0:0:
329,192,117375,1,0,0:0:0:0:
36,192,117500,1,0,0:0:0:0:
36,192,117500,1,0,0:0:0:0:
109,192,117500,1,0,0:0:0:0:
256,192,117500,1,0,0:0:0:0:
329,192,117500,1,0,0:0:0:0:
36,192,117750,1,0,0:0:0:0:
109,192,117750,1,0,0:0:0:0:
36,192,118000,1,0,0:0:0:0:
36,192,118000,1,0,0:0:0:0:
109,192,118000,1,0,0:0:0:0:
256,192,118000,1,0,0:0:0:0:
402,192,118000,1,0,0:0:0:0:
329,192,118000,1,0,0:0:0:0:
475,192,118000,1,0,0:0:0:0:
36,192,118250,1,0,0:0:0:0:
36,192,118250,1,0,0:0:0:0:
109,192,118250,1,0,0:0:0:0:
256,192,118250,1,0,0:0:0:0:
329,192,118250,1,0,0:0:0:0:
36,192,118375,1,0,0:0:0:0:
256,192,118375,1,0,0:0:0:0:
329,192,118375,1,0,0:0:0:0:
36,192,118500,1,0,0:0:0:0:
109,192,118500,1,0,0:0:0:0:
36,192,118625,1,0,0:0:0:0:
256,192,118625,1,0,0:0:0:0:
329,192,118625,1,0,0:0:0:0:
36,192,118750,1,0,0:0:0:0:
109,192,118750,1,0,0:0:0:0:
36,192,118875,1,0,0:0:0:0:
256,192,118875,1,0,0:0:0:0:
329,192,118875,1,0,0:0:0:0:
36,192,119000,1,0,0:0:0:0:
109,192,119000,1,0,0:0:0:0:
36,192,119125,1,0,0:0:0:0:
256,192,119125,1,0,0:0:0:0:
329,192,119125,1,0,0:0:0:0:
36,192,119250,1,0,0:0:0:0:
109,192,119250,1,0,0:0:0:0:
36,192,119375,1,0,0:0:0:0:
256,192,119375,1,0,0:0:0:0:
329,192,119375,1,0,0:0:0:0:
36,192,119500,1,0,0:0:0:0:
109,192,119500,1,0,0:0:0:0:
36,192,119625,1,0,0:0:0:0:
256,192,119625,1,0,0:0:0:0:
329,192,119625,1,0,0:0:0:0:
36,192,119750,1,0,0:0:0:0:
36,192,119750,1,0,0:0:0:0:
109,192,119750,1,0,0:0:0:0:
256,192,119750,1,0,0:0:0:0:
329,192,119750,1,0,0:0:0:0:
36,192,119875,1,0,0:0:0:0:
256,192,119875,1,0,0:0:0:0:
329,192,119875,1,0,0:0:0:0:
36,192,120000,1,0,0:0:0:0:
36,192,120000,1,0,0:0:0:0:
109,192,120000,1,0,0:0:0:0:
256,192,120000,1,0,0:0:0:0:
329,192,120000,1,0,0:0:0:0:
36,192,120250,1,0,0:0:0:0:
36,192,120250,1,0,0:0:0:0:
109,192,120250,1,0,0:0:0:0:
256,192,120250,1,0,0:0:0:0:
329,192,120250,1,0,0:0:0:0:
36,192,120375,1,0,0:0:0:0:
256,192,120375,1,0,0:0:0:0:
329,192,120375,1,0,0:0:0:0:
36,192,120500,1,0,0:0:0:0:
109,192,120500,1,0,0:0:0:0:
36,192,120625,1,0,0:0:0:0:
256,192,120625,1,0,0:0:0:0:
329,192,120625,1,0,0:0:0:0:
36,192,120750,1,0,0:0:0:0:
36,192,120750,1,0,0:0:0:0:
109,192,120750,1,0,0:0:0:0:
256,192,120750,1,0,0:0:0:0:
329,192,120750,1,0,0:0:0:0:
36,192,120875,1,0,0:0:0:0:
256,192,120875,1,0,0:0:0:0:
329,192,120875,1,0,0:0:0:0:
36,192,121000,1,0,0:0:0:0:
36,192,121000,1,0,0:0:0:0:
109,192,121000,1,0,0:0:0:0:
256,192,121000,1,0,0:0:0:0:
329,192,121000,1,0,0:0:0:0:
36,192,121250,1,0,0:0:0:0:
36,192,121250,1,0,0:0:0:0:
109,192,121250,1,0,0:0:0:0:
256,192,121250,1,0,0:0:0:0:
329,192,121250,1,0,0:0:0:0:
36,192,121500,1,0,0:0:0:0:
36,192,121500,1,0,0:0:0:0:
109,192,121500,1,0,0:0:0:0:
256,192,121500,1,0,0:0:0:0:
329,192,121500,1,0,0:0:0:0:
36,192,121750,1,0,0:0:0:0:
109,192,121750,1,0,0:0:0:0:
36,192,122000,1,0,0:0:0:0:
36,192,122000,1,0,0:0:0:0:
109,192,122000,1,0,0:0:0:0:
256,192,122000,1,0,0:0:0:0:
475,192,122000,1,0,0:0:0:0:
402,192,122000,1,0,0:0:0:0:
329,192,122000,1,0,0:0:0:0:
36,192,122250,1,0,0:0:0:0:
36,192,122250,1,0,0:0:0:0:
109,192,122250,1,0,0:0:0:0:
256,192,122250,1,0,0:0:0:0:
329,192,122250,1,0,0:0:0:0:
36,192,122375,1,0,0:0:0:0:
256,192,122375,1,0,0:0:0:0:
329,192,122375,1,0,0:0:0:0:
36,192,122500,1,0,0:0:0:0:
109,192,122500,1,0,0:0:0:0:
36,192,122625,1,0,0:0:0:0:
256,192,122625,1,0,0:0:0:0:
329,192,122625,1,0,0:0:0:0:
36,192,122750,1,0,0:0:0:0:
109,192,122750,1,0,0:0:0:0:
36,192,122875,1,0,0:0:0:0:
256,192,122875,1,0,0:0:0:0:
329,192,122875,1,0,0:0:0:0:
36,192,123000,1,0,0:0:0:0:
109,192,123000,1,0,0:0:0:0:
36,192,123125,1,0,0:0:0:0:
256,192,123125,1,0,0:0:0:0:
329,192,123125,1,0,0:0:0:0:
36,192,123250,1,0,0:0:0:0:
109,192,123250,1,0,0:0:0:0:
36,192,123375,1,0,0:0:0:0:
256,192,123375,1,0,0:0:0:0:
329,192,123375,1,0,0:0:0:0:
36,192,123500,1,0,0:0:0:0:
109,192,123500,1,0,0:0:0:0:
36,192,123625,1,0,0:0:0:0:
256,192,123625,1,0,0:0:0:0:
329,192,123625,1,0,0:0:0:0:
36,192,123750,1,0,0:0:0:0:
36,192,123750,1,0,0:0:0:0:
109,192,123750,1,0,0:0:0:0:
256,192,123750,1,0,0:0:0:0:
329,192,123750,1,0,0:0:0:0:
36,192,123875,1,0,0:0:0:0:
256,192,123875,1,0,0:0:0:0:
329,192,123875,1,0,0:0:0:0:
36,192,124000,1,0,0:0:0:0:
36,192,124000,1,0,0:0:0:0:
109,192,124000,1,0,0:0:0:0:
256,192,124000,1,0,0:0:0:0:
329,192,124000,1,0,0:0:0:0:
36,192,124250,1,0,0:0:0:0:
36,192,124250,1,0,0:0:0:0:
109,192,124250,1,0,0:0:0:0:
256,192,124250,1,0,0:0:0:0:
329,192,124250,1,0,0:0:0:0:
36,192,124375,1,0,0:0:0:0:
256,192,124375,1,0,0:0:0:0:
329,192,124375,1,0,0:0:0:0:
36,192,124500,1,0,0:0:0:0:
109,192,124500,1,0,0:0:0:0:
36,192,124625,1,0,0:0:0:0:
256,192,124625,1,0,0:0:0:0:
329,192,124625,1,0,0:0:0:0:
36,192,124750,1,0,0:0:0:0:
109,192,124750,1,0,0:0:0:0:
36,192,124875,1,0,0:0:0:0:
256,192,124875,1,0,0:0:0:0:
329,192,124875,1,0,0:0:0:0:
36,192,125000,1,0,0:0:0:0:
109,192,125000,1,0,0:0:0:0:
36,192,125125,1,0,0:0:0:0:
256,192,125125,1,0,0:0:0:0:
329,192,125125,1,0,0:0:0:0:
36,192,125250,1,0,0:0:0:0:
109,192,125250,1,0,0:0:0:0:
36,192,125375,1,0,0:0:0:0:
256,192,125375,1,0,0:0:0:0:
329,192,125375,1,0,0:0:0:0:
36,192,125500,1,0,0:0:0:0:
36,192,125500,1,0,0:0:0:0:
109,192,125500,1,0,0:0:0:0:
256,192,125500,1,0,0:0:0:0:
329,192,125500,1,0,0:0:0:0:
36,192,125750,1,0,0:0:0:0:
109,192,125750,1,0,0:0:0:0:
36,192,126000,1,0,0:0:0:0:
36,192,126000,1,0,0:0:0:0:
109,192,126000,1,0,0:0:0:0:
256,192,126000,1,0,0:0:0:0:
329,192,126000,1,0,0:0:0:0:
402,192,126000,1,0,0:0:0:0:
475,192,126000,1,0,0:0:0:0:
36,192,126250,1,0,0:0:0:0:
36,192,126250,1,0,0:0:0:0:
109,192,126250,1,0,0:0:0:0:
256,192,126250,1,0,0:0:0:0:
329,192,126250,1,0,0:0:0:0:
36,192,126375,1,0,0:0:0:0:
256,192,126375,1,0,0:0:0:0:
329,192,126375,1,0,0:0:0:0:
36,192,126500,1,0,0:0:0:0:
109,192,126500,1,0,0:0:0:0:
36,192,126625,1,0,0:0:0:0:
256,192,126625,1,0,0:0:0:0:
329,192,126625,1,0,0:0:0:0:
36,192,126750,1,0,0:0:0:0:
109,192,126750,1,0,0:0:0:0:
36,192,126875,1,0,0:0:0:0:
256,192,126875,1,0,0:0:0:0:
329,192,126875,1,0,0:0:0:0:
36,192,127000,1,0,0:0:0:0:
109,192,127000,1,0,0:0:0:0:
36,192,127125,1,0,0:0:0:0:
256,192,127125,1,0,0:0:0:0:
329,192,127125,1,0,0:0:0:0:
36,192,127250,1,0,0:0:0:0:
109,192,127250,1,0,0:0:0:0:
36,192,127375,1,0,0:0:0:0:
256,192,127375,1,0,0:0:0:0:
329,192,127375,1,0,0:0:0:0:
36,192,127500,1,0,0:0:0:0:
109,192,127500,1,0,0:0:0:0:
36,192,127625,1,0,0:0:0:0:
256,192,127625,1,0,0:0:0:0:
329,192,127625,1,0,0:0:0:0:
36,192,127750,1,0,0:0:0:0:
36,192,127750,1,0,0:0:0:0:
109,192,127750,1,0,0:0:0:0:
256,192,127750,1,0,0:0:0:0:
329,192,127750,1,0,0:0:0:0:
36,192,127875,1,0,0:0:0:0:
256,192,127875,1,0,0:0:0:0:
329,192,127875,1,0,0:0:0:0:
36,192,128000,1,0,0:0:0:0:
36,192,128000,1,0,0:0:0:0:
109,192,128000,1,0,0:0:0:0:
256,192,128000,1,0,0:0:0:0:
329,192,128000,1,0,0:0:0:0:
36,192,128250,1,0,0:0:0:0:
36,192,128250,1,0,0:0:0:0:
109,192,128250,1,0,0:0:0:0:
256,192,128250,1,0,0:0:0:0:
329,192,128250,1,0,0:0:0:0:
36,192,128375,1,0,0:0:0:0:
256,192,128375,1,0,0:0:0:0:
329,192,128375,1,0,0:0:0:0:
36,192,128500,1,0,0:0:0:0:
109,192,128500,1,0,0:0:0:0:
36,192,128625,1,0,0:0:0:0:
256,192,128625,1,0,0:0:0:0:
329,192,128625,1,0,0:0:0:0:
36,192,128750,1,0,0:0:0:0:
36,192,128750,1,0,0:0:0:0:
109,192,128750,1,0,0:0:0:0:
256,192,128750,1,0,0:0:0:0:
329,192,128750,1,0,0:0:0:0:
36,192,128875,1,0,0:0:0:0:
256,192,128875,1,0,0:0:0:0:
329,192,128875,1,0,0:0:0:0:
36,192,129000,1,0,0:0:0:0:
36,192,129000,1,0,0:0:0:0:
109,192,129000,1,0,0:0:0:0:
256,192,129000,1,0,0:0:0:0:
329,192,129000,1,0,0:0:0:0:
36,192,129250,1,0,0:0:0:0:
36,192,129250,1,0,0:0:0:0:
109,192,129250,1,0,0:0:0:0:
256,192,129250,1,0,0:0:0:0:
329,192,129250,1,0,0:0:0:0:
36,192,129500,1,0,0:0:0:0:
36,192,129500,1,0,0:0:0:0:
109,192,129500,1,0,0:0:0:0:
256,192,129500,1,0,0:0:0:0:
329,192,129500,1,0,0:0:0:0:
402,192,129500,1,0,0:0:0:0:
475,192,129500,1,0,0:0:0:0: