182,192,1600,5,0,0:0:0:0:
36,192,1600,5,0,0:0:0:0:
109,192,1600,1,0,0:0:0:0:
256,192,1600,1,0,0:0:0:0:
329,192,1600,1,0,0:0:0:0:
402,192,1600,1,0,0:0:0:0:
475,192,1600,1,0,0:0:0:0:
182,192,2200,1,0,0:0:0:0:
109,192,2200,1,0,0:0:0:0:
256,192,2200,1,0,0:0:0:0:
329,192,2200,1,0,0:0:0:0:
36,192,2200,1,0,0:0:0:0:
182,192,2300,1,0,0:0:0:0:
109,192,2300,1,0,0:0:0:0:
36,192,2300,1,0,0:0:0:0:
182,192,2400,1,0,0:0:0:0:
109,192,2400,1,0,0:0:0:0:
256,192,2400,1,0,0:0:0:0:
329,192,2400,1,0,0:0:0:0:
36,192,2400,1,0,0:0:0:0:
182,192,2600,1,0,0:0:0:0:
109,192,2600,1,0,0:0:0:0:
256,192,2600,1,0,0:0:0:0:
329,192,2600,1,0,0:0:0:0:
36,192,2600,1,0,0:0:0:0:
182,192,2800,1,0,0:0:0:0:
109,192,2800,1,0,0:0:0:0:
256,192,2800,1,0,0:0:0:0:
329,192,2800,1,0,0:0:0:0:
36,192,2800,1,0,0:0:0:0:
182,192,3000,1,0,0:0:0:0:
109,192,3000,1,0,0:0:0:0:
256,192,3000,1,0,0:0:0:0:
329,192,3000,1,0,0:0:0:0:
36,192,3000,1,0,0:0:0:0:
182,192,3200,1,0,0:0:0:0:
109,192,3200,1,0,0:0:0:0:
256,192,3200,1,0,0:0:0:0:
402,192,3200,1,0,0:0:0:0:
329,192,3200,1,0,0:0:0:0:
36,192,3200,1,0,0:0:0:0:
109,192,3500,1,0,0:0:0:0:
182,192,3600,1,0,0:0:0:0:
109,192,3600,1,0,0:0:0:0:
256,192,3600,1,0,0:0:0:0:
329,192,3600,1,0,0:0:0:0:
402,192,3600,1,0,0:0:0:0:
36,192,3600,1,0,0:0:0:0:
109,192,3800,1,0,0:0:0:0:
182,192,4000,1,0,0:0:0:0:
109,192,4000,1,0,0:0:0:0:
256,192,4000,1,0,0:0:0:0:
329,192,4000,1,0,0:0:0:0:
402,192,4000,1,0,0:0:0:0:
36,192,4000,1,0,0:0:0:0:
109,192,4200,1,0,0:0:0:0:
182,192,4400,1,0,0:0:0:0:
109,192,4400,1,0,0:0:0:0:
256,192,4400,1,0,0:0:0:0:
402,192,4400,1,0,0:0:0:0:
329,192,4400,1,0,0:0:0:0:
36,192,4400,1,0,0:0:0:0:
109,192,4600,1,0,0:0:0:0:
182,192,4800,1,0,0:0:0:0:
109,192,4800,1,0,0:0:0:0:
256,192,4800,1,0,0:0:0:0:
329,192,4800,1,0,0:0:0:0:
402,192,4800,1,0,0:0:0:0:
475,192,4800,1,0,0:0:0:0:
36,192,4800,1,0,0:0:0:0:
182,192,5400,1,0,0:0:0:0:
109,192,5400,1,0,0:0:0:0:
256,192,5400,1,0,0:0:0:0:
329,192,5400,1,0,0:0:0:0:
36,192,5400,1,0,0:0:0:0:
182,192,5500,1,0,0:0:0:0:
109,192,5500,1,0,0:0:0:0:
36,192,5500,1,0,0:0:0:0:
182,192,5600,1,0,0:0:0:0:
109,192,5600,1,0,0:0:0:0:
256,192,5600,1,0,0:0:0:0:
329,192,5600,1,0,0:0:0:0:
36,192,5600,1,0,0:0:0:0:
182,192,5800,1,0,0:0:0:0:
109,192,5800,1,0,0:0:0:0:
256,192,5800,1,0,0:0:0:0:
329,192,5800,1,0,0:0:0:0:
36,192,5800,1,0,0:0:0:0:
182,192,6000,1,0,0:0:0:0:
109,192,6000,1,0,0:0:0:0:
256,192,6000,1,0,0:0:0:0:
329,192,6000,1,0,0:0:0:0:
36,192,6000,1,0,0:0:0:0:
182,192,6200,1,0,0:0:0:0:
109,192,6200,1,0,0:0:0:0:
256,192,6200,1,0,0:0:0:0:
329,192,6200,1,0,0:0:0:0:
36,192,6200,1,0,0:0:0:0:
182,192,6400,1,0,0:0:0:0:
109,192,6400,1,0,0:0:0:0:
256,192,6400,1,0,0:0:0:0:
329,192,6400,1,0,0:0:0:0:
402,192,6400,1,0,0:0:0:0:
36,192,6400,1,0,0:0:0:0:
109,192,6700,1,0,0:0:0:0:
182,192,6800,1,0,0:0:0:0:
109,192,6800,1,0,0:0:0:0:
256,192,6800,1,0,0:0:0:0:
329,192,6800,1,0,0:0:0:0:
402,192,6800,1,0,0:0:0:0:
36,192,6800,1,0,0:0:0:0:
109,192,7000,1,0,0:0:0:0:
182,192,7200,1,0,0:0:0:0:
109,192,7200,1,0,0:0:0:0:
256,192,7200,1,0,0:0:0:0:
329,192,7200,1,0,0:0:0:0:
402,192,7200,1,0,0:0:0:0:
36,192,7200,1,0,0:0:0:0:
109,192,7400,1,0,0:0:0:0:
182,192,7600,1,0,0:0:0:0:
109,192,7600,1,0,0:0:0:0:
256,192,7600,1,0,0:0:0:0:
329,192,7600,1,0,0:0:0:0:
402,192,7600,1,0,0:0:0:0:
36,192,7600,1,0,0:0:0:0:
109,192,7800,1,0,0:0:0:0:
182,192,8000,1,0,0:0:0:0:
109,192,8000,1,0,0:0:0:0:
256,192,8000,1,0,0:0:0:0:
329,192,8000,1,0,0:0:0:0:
402,192,8000,1,0,0:0:0:0:
475,192,8000,1,0,0:0:0:0:
36,192,8000,1,0,0:0:0:0:
182,192,8600,1,0,0:0:0:0:
109,192,8600,1,0,0:0:0:0:
256,192,8600,1,0,0:0:0:0:
329,192,8600,1,0,0:0:0:0:
36,192,8600,1,0,0:0:0:0:
182,192,8700,1,0,0:0:0:0:
109,192,8700,1,0,0:0:0:0:
36,192,8700,1,0,0:0:0:0:
182,192,8800,1,0,0:0:0:0:
109,192,8800,1,0,0:0:0:0:
256,192,8800,1,0,0:0:0:0:
329,192,8800,1,0,0:0:0:0:
36,192,8800,1,0,0:0:0:0:
182,192,9000,1,0,0:0:0:0:
109,192,9000,1,0,0:0:0:0:
256,192,9000,1,0,0:0:0:0:
329,192,9000,1,0,0:0:0:0:
36,192,9000,1,0,0:0:0:0:
182,192,9200,1,0,0:0:0:0:
109,192,9200,1,0,0:0:0:0:
256,192,9200,1,0,0:0:0:0:
329,192,9200,1,0,0:0:0:0:
36,192,9200,1,0,0:0:0:0:
182,192,9400,1,0,0:0:0:0:
109,192,9400,1,0,0:0:0:0:
256,192,9400,1,0,0:0:0:0:
329,192,9400,1,0,0:0:0:0:
36,192,9400,1,0,0:0:0:0:
182,192,9600,1,0,0:0:0:0:
109,192,9600,1,0,0:0:0:0:
256,192,9600,1,0,0:0:0:0:
329,192,9600,1,0,0:0:0:0:
402,192,9600,1,0,0:0:0:0:
36,192,9600,1,0,0:0:0:0:
109,192,9900,1,0,0:0:0:0:
182,192,10000,1,0,0:0:0:0:
109,192,10000,1,0,0:0:0:0:
256,192,10000,1,0,0:0:0:0:
402,192,10000,1,0,0:0:0:0:
329,192,10000,1,0,0:0:0:0:
36,192,10000,1,0,0:0:0:0:
109,192,10200,1,0,0:0:0:0:
182,192,10400,1,0,0:0:0:0:
109,192,10400,1,0,0:0:0:0:
256,192,10400,1,0,0:0:0:0:
329,192,10400,1,0,0:0:0:0:
402,192,10400,1,0,0:0:0:0:
36,192,10400,1,0,0:0:0:0:
109,192,10600,1,0,0:0:0:0:
182,192,10800,1,0,0:0:0:0:
109,192,10800,1,0,0:0:0:0:
256,192,10800,1,0,0:0:0:0:
402,192,10800,1,0,0:0:0:0:
329,192,10800,1,0,0:0:0:0:
36,192,10800,1,0,0:0:0:0:
109,192,11000,1,0,0:0:0:0:
182,192,11200,1,0,0:0:0:0:
109,192,11200,1,0,0:0:0:0:
256,192,11200,1,0,0:0:0:0:
329,192,11200,1,0,0:0:0:0:
475,192,11200,1,0,0:0:0:0:
402,192,11200,1,0,0:0:0:0:
36,192,11200,1,0,0:0:0:0:
182,192,11800,1,0,0:0:0:0:
109,192,11800,1,0,0:0:0:0:
256,192,11800,1,0,0:0:0:0:
329,192,11800,1,0,0:0:0:0:
36,192,11800,1,0,0:0:0:0:
182,192,11900,1,0,0:0:0:0:
109,192,11900,1,0,0:0:0:0:
36,192,11900,1,0,0:0:0:0:
182,192,12000,1,0,0:0:0:0:
109,192,12000,1,0,0:0:0:0:
256,192,12000,1,0,0:0:0:0:
329,192,12000,1,0,0:0:0:0:
36,192,12000,1,0,0:0:0:0:
182,192,12200,1,0,0:0:0:0:
109,192,12200,1,0,0:0:0:0:
256,192,12200,1,0,0:0:0:0:
329,192,12200,1,0,0:0:0:0:
36,192,12200,1,0,0:0:0:0:
182,192,12400,1,0,0:0:0:0:
109,192,12400,1,0,0:0:0:0:
256,192,12400,1,0,0:0:0:0:
329,192,12400,1,0,0:0:0:0:
36,192,12400,1,0,0:0:0:0:
182,192,12600,1,0,0:0:0:0:
109,192,12600,1,0,0:0:0:0:
256,192,12600,1,0,0:0:0:0:
329,192,12600,1,0,0:0:0:0:
36,192,12600,1,0,0:0:0:0:
182,192,12800,1,0,0:0:0:0:
109,192,12800,1,0,0:0:0:0:
256,192,12800,1,0,0:0:0:0:
329,192,12800,1,0,0:0:0:0:
402,192,12800,1,0,0:0:0:0:
36,192,12800,1,0,0:0:0:0:
182,192,13100,1,0,0:0:0:0:
109,192,13100,1,0,0:0:0:0:
256,192,13100,1,0,0:0:0:0:
329,192,13100,1,0,0:0:0:0:
402,192,13100,1,0,0:0:0:0:
36,192,13100,1,0,0:0:0:0:
182,192,13400,1,0,0:0:0:0:
109,192,13400,1,0,0:0:0:0:
256,192,13400,1,0,0:0:0:0:
329,192,13400,1,0,0:0:0:0:
402,192,13400,1,0,0:0:0:0:
36,192,13400,1,0,0:0:0:0:
182,192,13600,1,0,0:0:0:0:
109,192,13600,1,0,0:0:0:0:
256,192,13600,1,0,0:0:0:0:
402,192,13600,1,0,0:0:0:0:
329,192,13600,1,0,0:0:0:0:
36,192,13600,1,0,0:0:0:0:
182,192,14000,1,0,0:0:0:0:
109,192,14000,1,0,0:0:0:0:
256,192,14000,1,0,0:0:0:0:
329,192,14000,1,0,0:0:0:0:
402,192,14000,1,0,0:0:0:0:
475,192,14000,1,0,0:0:0:0:
36,192,14000,1,0,0:0:0:0:
109,192,14200,1,0,0:0:0:0:
182,192,14400,1,0,0:0:0:0:
109,192,14400,1,0,0:0:0:0:
256,192,14400,1,0,0:0:0:0:
329,192,14400,1,0,0:0:0:0:
475,192,14400,1,0,0:0:0:0:
402,192,14400,1,0,0:0:0:0:
36,192,14400,1,0,0:0:0:0:
182,192,15000,1,0,0:0:0:0:
109,192,15000,1,0,0:0:0:0:
256,192,15000,1,0,0:0:0:0:
329,192,15000,1,0,0:0:0:0:
36,192,15000,1,0,0:0:0:0:
182,192,15100,1,0,0:0:0:0:
109,192,15100,1,0,0:0:0:0:
36,192,15100,1,0,0:0:0:0:
182,192,15200,1,0,0:0:0:0:
109,192,15200,1,0,0:0:0:0:
256,192,15200,1,0,0:0:0:0:
329,192,15200,1,0,0:0:0:0:
36,192,15200,1,0,0:0:0:0:
182,192,15400,1,0,0:0:0:0:
109,192,15400,1,0,0:0:0:0:
256,192,15400,1,0,0:0:0:0:
329,192,15400,1,0,0:0:0:0:
36,192,15400,1,0,0:0:0:0:
182,192,15600,1,0,0:0:0:0:
109,192,15600,1,0,0:0:0:0:
256,192,15600,1,0,0:0:0:0:
329,192,15600,1,0,0:0:0:0:
36,192,15600,1,0,0:0:0:0:
182,192,15800,1,0,0:0:0:0:
109,192,15800,1,0,0:0:0:0:
256,192,15800,1,0,0:0:0:0:
329,192,15800,1,0,0:0:0:0:
36,192,15800,1,0,0:0:0:0:
182,192,16000,1,0,0:0:0:0:
109,192,16000,1,0,0:0:0:0:
256,192,16000,1,0,0:0:0:0:
329,192,16000,1,0,0:0:0:0:
402,192,16000,1,0,0:0:0:0:
36,192,16000,1,0,0:0:0:0:
109,192,16300,1,0,0:0:0:0:
182,192,16400,1,0,0:0:0:0:
109,192,16400,1,0,0:0:0:0:
256,192,16400,1,0,0:0:0:0:
329,192,16400,1,0,0:0:0:0:
402,192,16400,1,0,0:0:0:0:
36,192,16400,1,0,0:0:0:0:
109,192,16600,1,0,0:0:0:0:
182,192,16800,1,0,0:0:0:0:
109,192,16800,1,0,0:0:0:0:
256,192,16800,1,0,0:0:0:0:
329,192,16800,1,0,0:0:0:0:
402,192,16800,1,0,0:0:0:0:
36,192,16800,1,0,0:0:0:0:
109,192,17000,1,0,0:0:0:0:
182,192,17200,1,0,0:0:0:0:
109,192,17200,1,0,0:0:0:0:
256,192,17200,1,0,0:0:0:0:
329,192,17200,1,0,0:0:0:0:
402,192,17200,1,0,0:0:0:0:
36,192,17200,1,0,0:0:0:0:
109,192,17400,1,0,0:0:0:0:
182,192,17600,1,0,0:0:0:0:
109,192,17600,1,0,0:0:0:0:
256,192,17600,1,0,0:0:0:0:
402,192,17600,1,0,0:0:0:0:
329,192,17600,1,0,0:0:0:0:
475,192,17600,1,0,0:0:0:0:
36,192,17600,1,0,0:0:0:0:
182,192,18200,1,0,0:0:0:0:
109,192,18200,1,0,0:0:0:0:
256,192,18200,1,0,0:0:0:0:
329,192,18200,1,0,0:0:0:0:
36,192,18200,1,0,0:0:0:0:
182,192,18300,1,0,0:0:0:0:
109,192,18300,1,0,0:0:0:0:
36,192,18300,1,0,0:0:0:0:
182,192,18400,1,0,0:0:0:0:
109,192,18400,1,0,0:0:0:0:
256,192,18400,1,0,0:0:0:0:
329,192,18400,1,0,0:0:0:0:
36,192,18400,1,0,0:0:0:0:
182,192,18600,1,0,0:0:0:0:
109,192,18600,1,0,0:0:0:0:
256,192,18600,1,0,0:0:0:0:
329,192,18600,1,0,0:0:0:0:
36,192,18600,1,0,0:0:0:0:
182,192,18800,1,0,0:0:0:0:
109,192,18800,1,0,0:0:0:0:
256,192,18800,1,0,0:0:0:0:
329,192,18800,1,0,0:0:0:0:
36,192,18800,1,0,0:0:0:0:
182,192,19000,1,0,0:0:0:0:
109,192,19000,1,0,0:0:0:0:
256,192,19000,1,0,0:0:0:0:
329,192,19000,1,0,0:0:0:0:
36,192,19000,1,0,0:0:0:0:
182,192,19200,1,0,0:0:0:0:
109,192,19200,1,0,0:0:0:0:
256,192,19200,1,0,0:0:0:0:
329,192,19200,1,0,0:0:0:0:
402,192,19200,1,0,0:0:0:0:
36,192,19200,1,0,0:0:0:0:
109,192,19500,1,0,0:0:0:0:
182,192,19600,1,0,0:0:0:0:
109,192,19600,1,0,0:0:0:0:
256,192,19600,1,0,0:0:0:0:
329,192,19600,1,0,0:0:0:0:
402,192,19600,1,0,0:0:0:0:
36,192,19600,1,0,0:0:0:0:
109,192,19800,1,0,0:0:0:0:
182,192,20000,1,0,0:0:0:0:
109,192,20000,1,0,0:0:0:0:
256,192,20000,1,0,0:0:0:0:
329,192,20000,1,0,0:0:0:0:
402,192,20000,1,0,0:0:0:0:
36,192,20000,1,0,0:0:0:0:
109,192,20200,1,0,0:0:0:0:
182,192,20400,1,0,0:0:0:0:
109,192,20400,1,0,0:0:0:0:
256,192,20400,1,0,0:0:0:0:
329,192,20400,1,0,0:0:0:0:
402,192,20400,1,0,0:0:0:0:
36,192,20400,1,0,0:0:0:0:
109,192,20600,1,0,0:0:0:0:
182,192,20800,1,0,0:0:0:0:
109,192,20800,1,0,0:0:0:0:
256,192,20800,1,0,0:0:0:0:
329,192,20800,1,0,0:0:0:0:
402,192,20800,1,0,0:0:0:0:
36,192,20800,1,0,0:0:0:0:
182,192,21400,1,0,0:0:0:0:
109,192,21400,1,0,0:0:0:0:
256,192,21400,1,0,0:0:0:0:
329,192,21400,1,0,0:0:0:0:
36,192,21400,1,0,0:0:0:0:
182,192,21500,1,0,0:0:0:0:
109,192,21500,1,0,0:0:0:0:
36,192,21500,1,0,0:0:0:0:
182,192,21600,1,0,0:0:0:0:
109,192,21600,1,0,0:0:0:0:
256,192,21600,1,0,0:0:0:0:
329,192,21600,1,0,0:0:0:0:
36,192,21600,1,0,0:0:0:0:
182,192,21800,1,0,0:0:0:0:
109,192,21800,1,0,0:0:0:0:
256,192,21800,1,0,0:0:0:0:
329,192,21800,1,0,0:0:0:0:
36,192,21800,1,0,0:0:0:0:
182,192,22000,1,0,0:0:0:0:
109,192,22000,1,0,0:0:0:0:
256,192,22000,1,0,0:0:0:0:
329,192,22000,1,0,0:0:0:0:
36,192,22000,1,0,0:0:0:0:
182,192,22200,1,0,0:0:0:0:
109,192,22200,1,0,0:0:0:0:
256,192,22200,1,0,0:0:0:0:
329,192,22200,1,0,0:0:0:0:
36,192,22200,1,0,0:0:0:0:
182,192,22400,1,0,0:0:0:0:
109,192,22400,1,0,0:0:0:0:
256,192,22400,1,0,0:0:0:0:
329,192,22400,1,0,0:0:0:0:
402,192,22400,1,0,0:0:0:0:
36,192,22400,1,0,0:0:0:0:
109,192,22700,1,0,0:0:0:0:
182,192,22800,1,0,0:0:0:0:
109,192,22800,1,0,0:0:0:0:
256,192,22800,1,0,0:0:0:0:
329,192,22800,1,0,0:0:0:0:
402,192,22800,1,0,0:0:0:0:
36,192,22800,1,0,0:0:0:0:
109,192,23000,1,0,0:0:0:0:
182,192,23200,1,0,0:0:0:0:
109,192,23200,1,0,0:0:0:0:
256,192,23200,1,0,0:0:0:0:
329,192,23200,1,0,0:0:0:0:
402,192,23200,1,0,0:0:0:0:
36,192,23200,1,0,0:0:0:0:
109,192,23400,1,0,0:0:0:0:
182,192,23600,1,0,0:0:0:0:
109,192,23600,1,0,0:0:0:0:
256,192,23600,1,0,0:0:0:0:
329,192,23600,1,0,0:0:0:0:
402,192,23600,1,0,0:0:0:0:
36,192,23600,1,0,0:0:0:0:
109,192,23800,1,0,0:0:0:0:
182,192,24000,1,0,0:0:0:0:
109,192,24000,1,0,0:0:0:0:
256,192,24000,1,0,0:0:0:0:
329,192,24000,1,0,0:0:0:0:
402,192,24000,1,0,0:0:0:0:
36,192,24000,1,0,0:0:0:0:
182,192,24600,1,0,0:0:0:0:
109,192,24600,1,0,0:0:0:0:
256,192,24600,1,0,0:0:0:0:
329,192,24600,1,0,0:0:0:0:
36,192,24600,1,0,0:0:0:0:
182,192,24700,1,0,0:0:0:0:
109,192,24700,1,0,0:0:0:0:
36,192,24700,1,0,0:0:0:0:
182,192,24800,1,0,0:0:0:0:
109,192,24800,1,0,0:0:0:0:
256,192,24800,1,0,0:0:0:0:
329,192,24800,1,0,0:0:0:0:
36,192,24800,1,0,0:0:0:0:
182,192,25000,1,0,0:0:0:0:
109,192,25000,1,0,0:0:0:0:
256,192,25000,1,0,0:0:0:0:
329,192,25000,1,0,0:0:0:0:
36,192,25000,1,0,0:0:0:0:
182,192,25200,1,0,0:0:0:0:
109,192,25200,1,0,0:0:0:0:
256,192,25200,1,0,0:0:0:0:
329,192,25200,1,0,0:0:0:0:
36,192,25200,1,0,0:0:0:0:
182,192,25400,1,0,0:0:0:0:
109,192,25400,1,0,0:0:0:0:
256,192,25400,1,0,0:0:0:0:
329,192,25400,1,0,0:0:0:0:
36,192,25400,1,0,0:0:0:0:
182,192,25600,1,0,0:0:0:0:
109,192,25600,1,0,0:0:0:0:
256,192,25600,1,0,0:0:0:0:
329,192,25600,1,0,0:0:0:0:
402,192,25600,1,0,0:0:0:0:
36,192,25600,1,0,0:0:0:0:
182,192,25900,1,0,0:0:0:0:
109,192,25900,1,0,0:0:0:0:
256,192,25900,1,0,0:0:0:0:
329,192,25900,1,0,0:0:0:0:
402,192,25900,1,0,0:0:0:0:
36,192,25900,1,0,0:0:0:0:
182,192,26200,1,0,0:0:0:0:
109,192,26200,1,0,0:0:0:0:
256,192,26200,1,0,0:0:0:0:
329,192,26200,1,0,0:0:0:0:
402,192,26200,1,0,0:0:0:0:
36,192,26200,1,0,0:0:0:0:
182,192,26400,1,0,0:0:0:0:
109,192,26400,1,0,0:0:0:0:
256,192,26400,1,0,0:0:0:0:
329,192,26400,1,0,0:0:0:0:
402,192,26400,1,0,0:0:0:0:
36,192,26400,1,0,0:0:0:0:
182,192,26800,1,0,0:0:0:0:
109,192,26800,1,0,0:0:0:0:
256,192,26800,1,0,0:0:0:0:
329,192,26800,1,0,0:0:0:0:
36,192,26800,1,0,0:0:0:0:
182,192,27000,1,0,0:0:0:0:
109,192,27000,1,0,0:0:0:0:
256,192,27000,1,0,0:0:0:0:
329,192,27000,1,0,0:0:0:0:
36,192,27000,1,0,0:0:0:0:
182,192,27200,1,0,0:0:0:0:
109,192,27200,1,0,0:0:0:0:
256,192,27200,1,0,0:0:0:0:
329,192,27200,1,0,0:0:0:0:
402,192,27200,1,0,0:0:0:0:
475,192,27200,1,0,0:0:0:0:
36,192,27200,1,0,0:0:0:0:
109,192,27800,1,0,0:0:0:0:
182,192,27800,1,0,0:0:0:0:
256,192,27800,1,0,0:0:0:0:
329,192,27800,1,0,0:0:0:0:
36,192,27800,1,0,0:0:0:0:
109,192,27900,1,0,0:0:0:0:
182,192,28000,1,0,0:0:0:0:
109,192,28000,1,0,0:0:0:0:
256,192,28000,1,0,0:0:0:0:
329,192,28000,1,0,0:0:0:0:
36,192,28000,1,0,0:0:0:0:
182,192,28200,1,0,0:0:0:0:
109,192,28200,1,0,0:0:0:0:
256,192,28200,1,0,0:0:0:0:
329,192,28200,1,0,0:0:0:0:
36,192,28200,1,0,0:0:0:0:
182,192,28400,1,0,0:0:0:0:
109,192,28400,1,0,0:0:0:0:
256,192,28400,1,0,0:0:0:0:
329,192,28400,1,0,0:0:0:0:
36,192,28400,1,0,0:0:0:0:
182,192,28600,1,0,0:0:0:0:
109,192,28600,1,0,0:0:0:0:
256,192,28600,1,0,0:0:0:0:
329,192,28600,1,0,0:0:0:0:
36,192,28600,1,0,0:0:0:0:
182,192,28800,1,0,0:0:0:0:
109,192,28800,1,0,0:0:0:0:
256,192,28800,1,0,0:0:0:0:
329,192,28800,1,0,0:0:0:0:
402,192,28800,1,0,0:0:0:0:
36,192,28800,1,0,0:0:0:0:
109,192,29100,1,0,0:0:0:0:
182,192,29200,1,0,0:0:0:0:
109,192,29200,1,0,0:0:0:0:
256,192,29200,1,0,0:0:0:0:
329,192,29200,1,0,0:0:0:0:
402,192,29200,1,0,0:0:0:0:
36,192,29200,1,0,0:0:0:0:
109,192,29400,1,0,0:0:0:0:
182,192,29600,1,0,0:0:0:0:
109,192,29600,1,0,0:0:0:0:
256,192,29600,1,0,0:0:0:0:
329,192,29600,1,0,0:0:0:0:
402,192,29600,1,0,0:0:0:0:
36,192,29600,1,0,0:0:0:0:
182,192,29800,1,0,0:0:0:0:
109,192,29800,1,0,0:0:0:0:
256,192,29800,1,0,0:0:0:0:
329,192,29800,1,0,0:0:0:0:
36,192,29800,1,0,0:0:0:0:
182,192,30000,1,0,0:0:0:0:
109,192,30000,1,0,0:0:0:0:
256,192,30000,1,0,0:0:0:0:
329,192,30000,1,0,0:0:0:0:
36,192,30000,1,0,0:0:0:0:
182,192,30200,1,0,0:0:0:0:
109,192,30200,1,0,0:0:0:0:
256,192,30200,1,0,0:0:0:0:
329,192,30200,1,0,0:0:0:0:
36,192,30200,1,0,0:0:0:0:
182,192,30400,1,0,0:0:0:0:
109,192,30400,1,0,0:0:0:0:
256,192,30400,1,0,0:0:0:0:
329,192,30400,1,0,0:0:0:0:
402,192,30400,1,0,0:0:0:0:
475,192,30400,1,0,0:0:0:0:
36,192,30400,1,0,0:0:0:0:
182,192,31000,1,0,0:0:0:0:
109,192,31000,1,0,0:0:0:0:
256,192,31000,1,0,0:0:0:0:
329,192,31000,1,0,0:0:0:0:
36,192,31000,1,0,0:0:0:0:
109,192,31100,1,0,0:0:0:0:
182,192,31200,1,0,0:0:0:0:
109,192,31200,1,0,0:0:0:0:
256,192,31200,1,0,0:0:0:0:
329,192,31200,1,0,0:0:0:0:
36,192,31200,1,0,0:0:0:0:
182,192,31400,1,0,0:0:0:0:
109,192,31400,1,0,0:0:0:0:
256,192,31400,1,0,0:0:0:0:
329,192,31400,1,0,0:0:0:0:
36,192,31400,1,0,0:0:0:0:
182,192,31600,1,0,0:0:0:0:
109,192,31600,1,0,0:0:0:0:
256,192,31600,1,0,0:0:0:0:
329,192,31600,1,0,0:0:0:0:
36,192,31600,1,0,0:0:0:0:
182,192,31800,1,0,0:0:0:0:
109,192,31800,1,0,0:0:0:0:
256,192,31800,1,0,0:0:0:0:
329,192,31800,1,0,0:0:0:0:
36,192,31800,1,0,0:0:0:0:
182,192,32000,1,0,0:0:0:0:
109,192,32000,1,0,0:0:0:0:
256,192,32000,1,0,0:0:0:0:
329,192,32000,1,0,0:0:0:0:
402,192,32000,1,0,0:0:0:0:
36,192,32000,1,0,0:0:0:0:
109,192,32300,1,0,0:0:0:0:
182,192,32400,1,0,0:0:0:0:
109,192,32400,1,0,0:0:0:0:
256,192,32400,1,0,0:0:0:0:
329,192,32400,1,0,0:0:0:0:
402,192,32400,1,0,0:0:0:0:
36,192,32400,1,0,0:0:0:0:
182,192,32600,1,0,0:0:0:0:
109,192,32600,1,0,0:0:0:0:
256,192,32600,1,0,0:0:0:0:
329,192,32600,1,0,0:0:0:0:
36,192,32600,1,0,0:0:0:0:
109,192,32800,1,0,0:0:0:0:
182,192,33000,1,0,0:0:0:0:
109,192,33000,1,0,0:0:0:0:
256,192,33000,1,0,0:0:0:0:
329,192,33000,1,0,0:0:0:0:
402,192,33000,1,0,0:0:0:0:
36,192,33000,1,0,0:0:0:0:
182,192,33200,1,0,0:0:0:0:
109,192,33200,1,0,0:0:0:0:
256,192,33200,1,0,0:0:0:0:
329,192,33200,1,0,0:0:0:0:
36,192,33200,1,0,0:0:0:0:
182,192,33400,1,0,0:0:0:0:
109,192,33400,1,0,0:0:0:0:
256,192,33400,1,0,0:0:0:0:
329,192,33400,1,0,0:0:0:0:
36,192,33400,1,0,0:0:0:0:
182,192,33600,1,0,0:0:0:0:
109,192,33600,1,0,0:0:0:0:
256,192,33600,1,0,0:0:0:0:
329,192,33600,1,0,0:0:0:0:
402,192,33600,1,0,0:0:0:0:
475,192,33600,1,0,0:0:0:0:
36,192,33600,1,0,0:0:0:0:
182,192,34200,1,0,0:0:0:0:
109,192,34200,1,0,0:0:0:0:
256,192,34200,1,0,0:0:0:0:
329,192,34200,1,0,0:0:0:0:
36,192,34200,1,0,0:0:0:0:
109,192,34300,1,0,0:0:0:0:
182,192,34400,1,0,0:0:0:0:
109,192,34400,1,0,0:0:0:0:
256,192,34400,1,0,0:0:0:0:
329,192,34400,1,0,0:0:0:0:
36,192,34400,1,0,0:0:0:0:
182,192,34600,1,0,0:0:0:0:
109,192,34600,1,0,0:0:0:0:
256,192,34600,1,0,0:0:0:0:
329,192,34600,1,0,0:0:0:0:
36,192,34600,1,0,0:0:0:0:
182,192,34800,1,0,0:0:0:0:
109,192,34800,1,0,0:0:0:0:
256,192,34800,1,0,0:0:0:0:
329,192,34800,1,0,0:0:0:0:
36,192,34800,1,0,0:0:0:0:
182,192,35000,1,0,0:0:0:0:
109,192,35000,1,0,0:0:0:0:
256,192,35000,1,0,0:0:0:0:
329,192,35000,1,0,0:0:0:0:
36,192,35000,1,0,0:0:0:0:
182,192,35200,1,0,0:0:0:0:
109,192,35200,1,0,0:0:0:0:
256,192,35200,1,0,0:0:0:0:
329,192,35200,1,0,0:0:0:0:
402,192,35200,1,0,0:0:0:0:
36,192,35200,1,0,0:0:0:0:
109,192,35500,1,0,0:0:0:0:
182,192,35600,1,0,0:0:0:0:
109,192,35600,1,0,0:0:0:0:
256,192,35600,1,0,0:0:0:0:
329,192,35600,1,0,0:0:0:0:
402,192,35600,1,0,0:0:0:0:
36,192,35600,1,0,0:0:0:0:
109,192,35800,1,0,0:0:0:0:
182,192,36000,1,0,0:0:0:0:
109,192,36000,1,0,0:0:0:0:
256,192,36000,1,0,0:0:0:0:
329,192,36000,1,0,0:0:0:0:
402,192,36000,1,0,0:0:0:0:
36,192,36000,1,0,0:0:0:0:
182,192,36200,1,0,0:0:0:0:
109,192,36200,1,0,0:0:0:0:
256,192,36200,1,0,0:0:0:0:
329,192,36200,1,0,0:0:0:0:
36,192,36200,1,0,0:0:0:0:
182,192,36400,1,0,0:0:0:0:
109,192,36400,1,0,0:0:0:0:
256,192,36400,1,0,0:0:0:0:
329,192,36400,1,0,0:0:0:0:
36,192,36400,1,0,0:0:0:0:
182,192,36600,1,0,0:0:0:0:
109,192,36600,1,0,0:0:0:0:
256,192,36600,1,0,0:0:0:0:
329,192,36600,1,0,0:0:0:0:
36,192,36600,1,0,0:0:0:0:
182,192,36800,1,0,0:0:0:0:
109,192,36800,1,0,0:0:0:0:
256,192,36800,1,0,0:0:0:0:
329,192,36800,1,0,0:0:0:0:
402,192,36800,1,0,0:0:0:0:
475,192,36800,1,0,0:0:0:0:
36,192,36800,1,0,0:0:0:0:
182,192,37400,1,0,0:0:0:0:
109,192,37400,1,0,0:0:0:0:
256,192,37400,1,0,0:0:0:0:
329,192,37400,1,0,0:0:0:0:
36,192,37400,1,0,0:0:0:0:
109,192,37500,1,0,0:0:0:0:
182,192,37600,1,0,0:0:0:0:
109,192,37600,1,0,0:0:0:0:
256,192,37600,1,0,0:0:0:0:
329,192,37600,1,0,0:0:0:0:
36,192,37600,1,0,0:0:0:0:
182,192,37800,1,0,0:0:0:0:
109,192,37800,1,0,0:0:0:0:
256,192,37800,1,0,0:0:0:0:
329,192,37800,1,0,0:0:0:0:
36,192,37800,1,0,0:0:0:0:
182,192,38000,1,0,0:0:0:0:
109,192,38000,1,0,0:0:0:0:
256,192,38000,1,0,0:0:0:0:
329,192,38000,1,0,0:0:0:0:
36,192,38000,1,0,0:0:0:0:
182,192,38200,1,0,0:0:0:0:
109,192,38200,1,0,0:0:0:0:
256,192,38200,1,0,0:0:0:0:
329,192,38200,1,0,0:0:0:0:
36,192,38200,1,0,0:0:0:0:
182,192,38400,1,0,0:0:0:0:
109,192,38400,1,0,0:0:0:0:
256,192,38400,1,0,0:0:0:0:
329,192,38400,1,0,0:0:0:0:
402,192,38400,1,0,0:0:0:0:
36,192,38400,1,0,0:0:0:0:
182,192,38600,1,0,0:0:0:0:
256,192,38600,1,0,0:0:0:0:
329,192,38600,1,0,0:0:0:0:
36,192,38600,1,0,0:0:0:0:
109,192,38700,1,0,0:0:0:0:
182,192,38800,1,0,0:0:0:0:
109,192,38800,1,0,0:0:0:0:
256,192,38800,1,0,0:0:0:0:
329,192,38800,1,0,0:0:0:0:
402,192,38800,1,0,0:0:0:0:
36,192,38800,1,0,0:0:0:0:
182,192,39000,1,0,0:0:0:0:
109,192,39000,1,0,0:0:0:0:
256,192,39000,1,0,0:0:0:0:
329,192,39000,1,0,0:0:0:0:
36,192,39000,1,0,0:0:0:0:
182,192,39200,1,0,0:0:0:0:
109,192,39200,1,0,0:0:0:0:
256,192,39200,1,0,0:0:0:0:
329,192,39200,1,0,0:0:0:0:
402,192,39200,1,0,0:0:0:0:
36,192,39200,1,0,0:0:0:0:
109,192,39400,1,0,0:0:0:0:
109,192,39600,1,0,0:0:0:0:
109,192,39800,1,0,0:0:0:0:
182,192,40000,1,0,0:0:0:0:
109,192,40000,1,0,0:0:0:0:
256,192,40000,1,0,0:0:0:0:
329,192,40000,1,0,0:0:0:0:
475,192,40000,1,0,0:0:0:0:
402,192,40000,1,0,0:0:0:0:
36,192,40000,1,0,0:0:0:0:
182,192,40600,1,0,0:0:0:0:
109,192,40600,1,0,0:0:0:0:
256,192,40600,1,0,0:0:0:0:
329,192,40600,1,0,0:0:0:0:
36,192,40600,1,0,0:0:0:0:
109,192,40700,1,0,0:0:0:0:
182,192,40800,1,0,0:0:0:0:
109,192,40800,1,0,0:0:0:0:
256,192,40800,1,0,0:0:0:0:
329,192,40800,1,0,0:0:0:0:
36,192,40800,1,0,0:0:0:0:
182,192,41000,1,0,0:0:0:0:
109,192,41000,1,0,0:0:0:0:
256,192,41000,1,0,0:0:0:0:
329,192,41000,1,0,0:0:0:0:
36,192,41000,1,0,0:0:0:0:
182,192,41200,1,0,0:0:0:0:
109,192,41200,1,0,0:0:0:0:
256,192,41200,1,0,0:0:0:0:
329,192,41200,1,0,0:0:0:0:
36,192,41200,1,0,0:0:0:0:
182,192,41400,1,0,0:0:0:0:
109,192,41400,1,0,0:0:0:0:
256,192,41400,1,0,0:0:0:0:
329,192,41400,1,0,0:0:0:0:
36,192,41400,1,0,0:0:0:0:
182,192,41600,1,0,0:0:0:0:
109,192,41600,1,0,0:0:0:0:
256,192,41600,1,0,0:0:0:0:
329,192,41600,1,0,0:0:0:0:
402,192,41600,1,0,0:0:0:0:
36,192,41600,1,0,0:0:0:0:
109,192,41900,1,0,0:0:0:0:
182,192,42000,1,0,0:0:0:0:
109,192,42000,1,0,0:0:0:0:
256,192,42000,1,0,0:0:0:0:
329,192,42000,1,0,0:0:0:0:
402,192,42000,1,0,0:0:0:0:
36,192,42000,1,0,0:0:0:0:
109,192,42200,1,0,0:0:0:0:
182,192,42400,1,0,0:0:0:0:
109,192,42400,1,0,0:0:0:0:
256,192,42400,1,0,0:0:0:0:
329,192,42400,1,0,0:0:0:0:
402,192,42400,1,0,0:0:0:0:
36,192,42400,1,0,0:0:0:0:
182,192,42600,1,0,0:0:0:0:
109,192,42600,1,0,0:0:0:0:
256,192,42600,1,0,0:0:0:0:
329,192,42600,1,0,0:0:0:0:
36,192,42600,1,0,0:0:0:0:
182,192,42800,1,0,0:0:0:0:
109,192,42800,1,0,0:0:0:0:
256,192,42800,1,0,0:0:0:0:
329,192,42800,1,0,0:0:0:0:
36,192,42800,1,0,0:0:0:0:
182,192,43000,1,0,0:0:0:0:
109,192,43000,1,0,0:0:0:0:
256,192,43000,1,0,0:0:0:0:
329,192,43000,1,0,0:0:0:0:
36,192,43000,1,0,0:0:0:0:
182,192,43200,1,0,0:0:0:0:
109,192,43200,1,0,0:0:0:0:
256,192,43200,1,0,0:0:0:0:
329,192,43200,1,0,0:0:0:0:
402,192,43200,1,0,0:0:0:0:
475,192,43200,1,0,0:0:0:0:
36,192,43200,1,0,0:0:0:0:
182,192,43800,1,0,0:0:0:0:
109,192,43800,1,0,0:0:0:0:
256,192,43800,1,0,0:0:0:0:
329,192,43800,1,0,0:0:0:0:
36,192,43800,1,0,0:0:0:0:
109,192,43900,1,0,0:0:0:0:
182,192,44000,1,0,0:0:0:0:
109,192,44000,1,0,0:0:0:0:
256,192,44000,1,0,0:0:0:0:
329,192,44000,1,0,0:0:0:0:
36,192,44000,1,0,0:0:0:0:
182,192,44200,1,0,0:0:0:0:
109,192,44200,1,0,0:0:0:0:
256,192,44200,1,0,0:0:0:0:
329,192,44200,1,0,0:0:0:0:
36,192,44200,1,0,0:0:0:0:
182,192,44400,1,0,0:0:0:0:
109,192,44400,1,0,0:0:0:0:
256,192,44400,1,0,0:0:0:0:
329,192,44400,1,0,0:0:0:0:
36,192,44400,1,0,0:0:0:0:
182,192,44600,1,0,0:0:0:0:
109,192,44600,1,0,0:0:0:0:
256,192,44600,1,0,0:0:0:0:
329,192,44600,1,0,0:0:0:0:
36,192,44600,1,0,0:0:0:0:
182,192,44800,1,0,0:0:0:0:
109,192,44800,1,0,0:0:0:0:
256,192,44800,1,0,0:0:0:0:
329,192,44800,1,0,0:0:0:0:
402,192,44800,1,0,0:0:0:0:
36,192,44800,1,0,0:0:0:0:
109,192,45100,1,0,0:0:0:0:
182,192,45200,1,0,0:0:0:0:
109,192,45200,1,0,0:0:0:0:
256,192,45200,1,0,0:0:0:0:
329,192,45200,1,0,0:0:0:0:
402,192,45200,1,0,0:0:0:0:
36,192,45200,1,0,0:0:0:0:
182,192,45400,1,0,0:0:0:0:
109,192,45400,1,0,0:0:0:0:
256,192,45400,1,0,0:0:0:0:
329,192,45400,1,0,0:0:0:0:
36,192,45400,1,0,0:0:0:0:
109,192,45600,1,0,0:0:0:0:
182,192,45800,1,0,0:0:0:0:
109,192,45800,1,0,0:0:0:0:
256,192,45800,1,0,0:0:0:0:
329,192,45800,1,0,0:0:0:0:
402,192,45800,1,0,0:0:0:0:
36,192,45800,1,0,0:0:0:0:
182,192,46000,1,0,0:0:0:0:
109,192,46000,1,0,0:0:0:0:
256,192,46000,1,0,0:0:0:0:
329,192,46000,1,0,0:0:0:0:
36,192,46000,1,0,0:0:0:0:
182,192,46200,1,0,0:0:0:0:
109,192,46200,1,0,0:0:0:0:
256,192,46200,1,0,0:0:0:0:
329,192,46200,1,0,0:0:0:0:
36,192,46200,1,0,0:0:0:0:
182,192,46400,1,0,0:0:0:0:
109,192,46400,1,0,0:0:0:0:
256,192,46400,1,0,0:0:0:0:
329,192,46400,1,0,0:0:0:0:
402,192,46400,1,0,0:0:0:0:
475,192,46400,1,0,0:0:0:0:
36,192,46400,1,0,0:0:0:0:
182,192,47000,1,0,0:0:0:0:
109,192,47000,1,0,0:0:0:0:
256,192,47000,1,0,0:0:0:0:
329,192,47000,1,0,0:0:0:0:
402,192,47000,1,0,0:0:0:0:
36,192,47000,1,0,0:0:0:0:
109,192,47100,1,0,0:0:0:0:
182,192,47200,1,0,0:0:0:0:
109,192,47200,1,0,0:0:0:0:
256,192,47200,1,0,0:0:0:0:
329,192,47200,1,0,0:0:0:0:
36,192,47200,1,0,0:0:0:0:
182,192,47400,1,0,0:0:0:0:
109,192,47400,1,0,0:0:0:0:
256,192,47400,1,0,0:0:0:0:
329,192,47400,1,0,0:0:0:0:
36,192,47400,1,0,0:0:0:0:
182,192,47600,1,0,0:0:0:0:
109,192,47600,1,0,0:0:0:0:
256,192,47600,1,0,0:0:0:0:
329,192,47600,1,0,0:0:0:0:
36,192,47600,1,0,0:0:0:0:
182,192,47800,1,0,0:0:0:0:
109,192,47800,1,0,0:0:0:0:
256,192,47800,1,0,0:0:0:0:
329,192,47800,1,0,0:0:0:0:
402,192,47800,1,0,0:0:0:0:
36,192,47800,1,0,0:0:0:0:
182,192,48000,1,0,0:0:0:0:
109,192,48000,1,0,0:0:0:0:
256,192,48000,1,0,0:0:0:0:
329,192,48000,1,0,0:0:0:0:
402,192,48000,1,0,0:0:0:0:
475,192,48000,1,0,0:0:0:0:
36,192,48000,1,0,0:0:0:0:
109,192,48300,1,0,0:0:0:0:
182,192,48400,1,0,0:0:0:0:
109,192,48400,1,0,0:0:0:0:
256,192,48400,1,0,0:0:0:0:
329,192,48400,1,0,0:0:0:0:
402,192,48400,1,0,0:0:0:0:
475,192,48400,1,0,0:0:0:0:
36,192,48400,1,0,0:0:0:0:
109,192,48600,1,0,0:0:0:0:
182,192,48800,1,0,0:0:0:0:
109,192,48800,1,0,0:0:0:0:
256,192,48800,1,0,0:0:0:0:
329,192,48800,1,0,0:0:0:0:
36,192,48800,1,0,0:0:0:0:
182,192,49000,1,0,0:0:0:0:
109,192,49000,1,0,0:0:0:0:
256,192,49000,1,0,0:0:0:0:
329,192,49000,1,0,0:0:0:0:
36,192,49000,1,0,0:0:0:0:
182,192,49200,1,0,0:0:0:0:
109,192,49200,1,0,0:0:0:0:
256,192,49200,1,0,0:0:0:0:
329,192,49200,1,0,0:0:0:0:
36,192,49200,1,0,0:0:0:0:
182,192,49400,1,0,0:0:0:0:
109,192,49400,1,0,0:0:0:0:
256,192,49400,1,0,0:0:0:0:
329,192,49400,1,0,0:0:0:0:
36,192,49400,1,0,0:0:0:0:
182,192,49600,1,0,0:0:0:0:
109,192,49600,1,0,0:0:0:0:
256,192,49600,1,0,0:0:0:0:
329,192,49600,1,0,0:0:0:0:
402,192,49600,1,0,0:0:0:0:
475,192,49600,1,0,0:0:0:0:
36,192,49600,1,0,0:0:0:0:
182,192,50200,1,0,0:0:0:0:
109,192,50200,1,0,0:0:0:0:
256,192,50200,1,0,0:0:0:0:
329,192,50200,1,0,0:0:0:0:
36,192,50200,1,0,0:0:0:0:
109,192,50300,1,0,0:0:0:0:
182,192,50400,1,0,0:0:0:0:
109,192,50400,1,0,0:0:0:0:
256,192,50400,1,0,0:0:0:0:
329,192,50400,1,0,0:0:0:0:
402,192,50400,1,0,0:0:0:0:
36,192,50400,1,0,0:0:0:0:
182,192,50600,1,0,0:0:0:0:
109,192,50600,1,0,0:0:0:0:
256,192,50600,1,0,0:0:0:0:
329,192,50600,1,0,0:0:0:0:
402,192,50600,1,0,0:0:0:0:
36,192,50600,1,0,0:0:0:0:
182,192,50800,1,0,0:0:0:0:
109,192,50800,1,0,0:0:0:0:
256,192,50800,1,0,0:0:0:0:
329,192,50800,1,0,0:0:0:0:
36,192,50800,1,0,0:0:0:0:
182,192,51000,1,0,0:0:0:0:
109,192,51000,1,0,0:0:0:0:
256,192,51000,1,0,0:0:0:0:
402,192,51000,1,0,0:0:0:0:
329,192,51000,1,0,0:0:0:0:
36,192,51000,1,0,0:0:0:0:
182,192,51200,1,0,0:0:0:0:
109,192,51200,1,0,0:0:0:0:
256,192,51200,1,0,0:0:0:0:
329,192,51200,1,0,0:0:0:0:
402,192,51200,1,0,0:0:0:0:
475,192,51200,1,0,0:0:0:0:
36,192,51200,1,0,0:0:0:0:
182,192,51400,1,0,0:0:0:0:
256,192,51400,1,0,0:0:0:0:
329,192,51400,1,0,0:0:0:0:
36,192,51400,1,0,0:0:0:0:
109,192,51500,1,0,0:0:0:0:
182,192,51600,1,0,0:0:0:0:
109,192,51600,1,0,0:0:0:0:
256,192,51600,1,0,0:0:0:0:
329,192,51600,1,0,0:0:0:0:
402,192,51600,1,0,0:0:0:0:
36,192,51600,1,0,0:0:0:0:
182,192,51800,1,0,0:0:0:0:
109,192,51800,1,0,0:0:0:0:
256,192,51800,1,0,0:0:0:0:
329,192,51800,1,0,0:0:0:0:
36,192,51800,1,0,0:0:0:0:
182,192,52000,1,0,0:0:0:0:
109,192,52000,1,0,0:0:0:0:
256,192,52000,1,0,0:0:0:0:
329,192,52000,1,0,0:0:0:0:
402,192,52000,1,0,0:0:0:0:
36,192,52000,1,0,0:0:0:0:
109,192,52200,1,0,0:0:0:0:
109,192,52400,1,0,0:0:0:0:
109,192,52600,1,0,0:0:0:0:
182,192,52800,1,0,0:0:0:0:
109,192,52800,1,0,0:0:0:0:
256,192,52800,1,0,0:0:0:0:
329,192,52800,1,0,0:0:0:0:
402,192,52800,1,0,0:0:0:0:
36,192,52800,1,0,0:0:0:0:
182,192,53000,1,0,0:0:0:0:
256,192,53000,1,0,0:0:0:0:
329,192,53000,1,0,0:0:0:0:
36,192,53000,1,0,0:0:0:0:
109,192,53100,1,0,0:0:0:0:
182,192,53200,1,0,0:0:0:0:
256,192,53200,1,0,0:0:0:0:
329,192,53200,1,0,0:0:0:0:
36,192,53200,1,0,0:0:0:0:
182,192,53400,1,0,0:0:0:0:
109,192,53400,1,0,0:0:0:0:
256,192,53400,1,0,0:0:0:0:
329,192,53400,1,0,0:0:0:0:
36,192,53400,1,0,0:0:0:0:
182,192,53600,1,0,0:0:0:0:
109,192,53600,1,0,0:0:0:0:
256,192,53600,1,0,0:0:0:0:
329,192,53600,1,0,0:0:0:0:
402,192,53600,1,0,0:0:0:0:
36,192,53600,1,0,0:0:0:0:
182,192,53800,1,0,0:0:0:0:
256,192,53800,1,0,0:0:0:0:
329,192,53800,1,0,0:0:0:0:
36,192,53800,1,0,0:0:0:0:
182,192,54000,1,0,0:0:0:0:
109,192,54000,1,0,0:0:0:0:
256,192,54000,1,0,0:0:0:0:
329,192,54000,1,0,0:0:0:0:
36,192,54000,1,0,0:0:0:0:
182,192,54400,1,0,0:0:0:0:
109,192,54400,1,0,0:0:0:0:
256,192,54400,1,0,0:0:0:0:
329,192,54400,1,0,0:0:0:0:
402,192,54400,1,0,0:0:0:0:
36,192,54400,1,0,0:0:0:0:
182,192,54600,1,0,0:0:0:0:
256,192,54600,1,0,0:0:0:0:
329,192,54600,1,0,0:0:0:0:
36,192,54600,1,0,0:0:0:0:
109,192,54700,1,0,0:0:0:0:
182,192,54800,1,0,0:0:0:0:
256,192,54800,1,0,0:0:0:0:
329,192,54800,1,0,0:0:0:0:
36,192,54800,1,0,0:0:0:0:
182,192,55000,1,0,0:0:0:0:
109,192,55000,1,0,0:0:0:0:
256,192,55000,1,0,0:0:0:0:
329,192,55000,1,0,0:0:0:0:
36,192,55000,1,0,0:0:0:0:
182,192,55200,1,0,0:0:0:0:
109,192,55200,1,0,0:0:0:0:
256,192,55200,1,0,0:0:0:0:
402,192,55200,1,0,0:0:0:0:
329,192,55200,1,0,0:0:0:0:
36,192,55200,1,0,0:0:0:0:
182,192,55400,1,0,0:0:0:0:
256,192,55400,1,0,0:0:0:0:
329,192,55400,1,0,0:0:0:0:
36,192,55400,1,0,0:0:0:0:
182,192,55600,1,0,0:0:0:0:
109,192,55600,1,0,0:0:0:0:
256,192,55600,1,0,0:0:0:0:
329,192,55600,1,0,0:0:0:0:
36,192,55600,1,0,0:0:0:0:
182,192,56000,1,0,0:0:0:0:
109,192,56000,1,0,0:0:0:0:
256,192,56000,1,0,0:0:0:0:
329,192,56000,1,0,0:0:0:0:
402,192,56000,1,0,0:0:0:0:
36,192,56000,1,0,0:0:0:0:
182,192,56200,1,0,0:0:0:0:
256,192,56200,1,0,0:0:0:0:
329,192,56200,1,0,0:0:0:0:
36,192,56200,1,0,0:0:0:0:
109,192,56300,1,0,0:0:0:0:
182,192,56400,1,0,0:0:0:0:
256,192,56400,1,0,0:0:0:0:
329,192,56400,1,0,0:0:0:0:
36,192,56400,1,0,0:0:0:0:
182,192,56600,1,0,0:0:0:0:
109,192,56600,1,0,0:0:0:0:
256,192,56600,1,0,0:0:0:0:
329,192,56600,1,0,0:0:0:0:
36,192,56600,1,0,0:0:0:0:
182,192,56800,1,0,0:0:0:0:
109,192,56800,1,0,0:0:0:0:
256,192,56800,1,0,0:0:0:0:
329,192,56800,1,0,0:0:0:0:
402,192,56800,1,0,0:0:0:0:
36,192,56800,1,0,0:0:0:0:
182,192,57000,1,0,0:0:0:0:
256,192,57000,1,0,0:0:0:0:
329,192,57000,1,0,0:0:0:0:
36,192,57000,1,0,0:0:0:0:
182,192,57200,1,0,0:0:0:0:
109,192,57200,1,0,0:0:0:0:
256,192,57200,1,0,0:0:0:0:
329,192,57200,1,0,0:0:0:0:
36,192,57200,1,0,0:0:0:0:
182,192,57400,1,0,0:0:0:0:
256,192,57400,1,0,0:0:0:0:
329,192,57400,1,0,0:0:0:0:
36,192,57400,1,0,0:0:0:0:
182,192,57600,1,0,0:0:0:0:
109,192,57600,1,0,0:0:0:0:
256,192,57600,1,0,0:0:0:0:
329,192,57600,1,0,0:0:0:0:
402,192,57600,1,0,0:0:0:0:
36,192,57600,1,0,0:0:0:0:
182,192,57800,1,0,0:0:0:0:
256,192,57800,1,0,0:0:0:0:
329,192,57800,1,0,0:0:0:0:
36,192,57800,1,0,0:0:0:0:
109,192,57900,1,0,0:0:0:0:
182,192,58000,1,0,0:0:0:0:
256,192,58000,1,0,0:0:0:0:
329,192,58000,1,0,0:0:0:0:
36,192,58000,1,0,0:0:0:0:
182,192,58200,1,0,0:0:0:0:
109,192,58200,1,0,0:0:0:0:
256,192,58200,1,0,0:0:0:0:
329,192,58200,1,0,0:0:0:0:
36,192,58200,1,0,0:0:0:0:
182,192,58400,1,0,0:0:0:0:
109,192,58400,1,0,0:0:0:0:
256,192,58400,1,0,0:0:0:0:
329,192,58400,1,0,0:0:0:0:
402,192,58400,1,0,0:0:0:0:
36,192,58400,1,0,0:0:0:0:
109,192,58800,1,0,0:0:0:0:
182,192,59200,1,0,0:0:0:0:
109,192,59200,1,0,0:0:0:0:
256,192,59200,1,0,0:0:0:0:
329,192,59200,1,0,0:0:0:0:
402,192,59200,1,0,0:0:0:0:
36,192,59200,1,0,0:0:0:0:
182,192,59400,1,0,0:0:0:0:
256,192,59400,1,0,0:0:0:0:
329,192,59400,1,0,0:0:0:0:
36,192,59400,1,0,0:0:0:0:
109,192,59500,1,0,0:0:0:0:
182,192,59600,1,0,0:0:0:0:
256,192,59600,1,0,0:0:0:0:
329,192,59600,1,0,0:0:0:0:
36,192,59600,1,0,0:0:0:0:
182,192,59800,1,0,0:0:0:0:
109,192,59800,1,0,0:0:0:0:
256,192,59800,1,0,0:0:0:0:
329,192,59800,1,0,0:0:0:0:
36,192,59800,1,0,0:0:0:0:
182,192,60000,1,0,0:0:0:0:
109,192,60000,1,0,0:0:0:0:
256,192,60000,1,0,0:0:0:0:
329,192,60000,1,0,0:0:0:0:
402,192,60000,1,0,0:0:0:0:
36,192,60000,1,0,0:0:0:0:
182,192,60200,1,0,0:0:0:0:
256,192,60200,1,0,0:0:0:0:
329,192,60200,1,0,0:0:0:0:
36,192,60200,1,0,0:0:0:0:
182,192,60400,1,0,0:0:0:0:
109,192,60400,1,0,0:0:0:0:
256,192,60400,1,0,0:0:0:0:
329,192,60400,1,0,0:0:0:0:
36,192,60400,1,0,0:0:0:0:
182,192,60800,1,0,0:0:0:0:
109,192,60800,1,0,0:0:0:0:
256,192,60800,1,0,0:0:0:0:
329,192,60800,1,0,0:0:0:0:
402,192,60800,1,0,0:0:0:0:
36,192,60800,1,0,0:0:0:0:
182,192,61000,1,0,0:0:0:0:
256,192,61000,1,0,0:0:0:0:
329,192,61000,1,0,0:0:0:0:
36,192,61000,1,0,0:0:0:0:
109,192,61100,1,0,0:0:0:0:
182,192,61200,1,0,0:0:0:0:
256,192,61200,1,0,0:0:0:0:
329,192,61200,1,0,0:0:0:0:
36,192,61200,1,0,0:0:0:0:
182,192,61400,1,0,0:0:0:0:
109,192,61400,1,0,0:0:0:0:
256,192,61400,1,0,0:0:0:0:
329,192,61400,1,0,0:0:0:0:
36,192,61400,1,0,0:0:0:0:
182,192,61600,1,0,0:0:0:0:
109,192,61600,1,0,0:0:0:0:
256,192,61600,1,0,0:0:0:0:
329,192,61600,1,0,0:0:0:0:
402,192,61600,1,0,0:0:0:0:
36,192,61600,1,0,0:0:0:0:
182,192,61800,1,0,0:0:0:0:
256,192,61800,1,0,0:0:0:0:
329,192,61800,1,0,0:0:0:0:
36,192,61800,1,0,0:0:0:0:
182,192,62000,1,0,0:0:0:0:
109,192,62000,1,0,0:0:0:0:
256,192,62000,1,0,0:0:0:0:
329,192,62000,1,0,0:0:0:0:
36,192,62000,1,0,0:0:0:0:
182,192,62200,1,0,0:0:0:0:
256,192,62200,1,0,0:0:0:0:
329,192,62200,1,0,0:0:0:0:
36,192,62200,1,0,0:0:0:0:
182,192,62400,1,0,0:0:0:0:
109,192,62400,1,0,0:0:0:0:
256,192,62400,1,0,0:0:0:0:
329,192,62400,1,0,0:0:0:0:
402,192,62400,1,0,0:0:0:0:
36,192,62400,1,0,0:0:0:0:
109,192,62700,1,0,0:0:0:0:
182,192,62800,1,0,0:0:0:0:
256,192,62800,1,0,0:0:0:0:
329,192,62800,1,0,0:0:0:0:
36,192,62800,1,0,0:0:0:0:
182,192,63000,1,0,0:0:0:0:
109,192,63000,1,0,0:0:0:0:
256,192,63000,1,0,0:0:0:0:
329,192,63000,1,0,0:0:0:0:
36,192,63000,1,0,0:0:0:0:
182,192,63200,1,0,0:0:0:0:
109,192,63200,1,0,0:0:0:0:
256,192,63200,1,0,0:0:0:0:
329,192,63200,1,0,0:0:0:0:
36,192,63200,1,0,0:0:0:0:
182,192,63400,1,0,0:0:0:0:
256,192,63400,1,0,0:0:0:0:
329,192,63400,1,0,0:0:0:0:
36,192,63400,1,0,0:0:0:0:
182,192,63600,1,0,0:0:0:0:
109,192,63600,1,0,0:0:0:0:
256,192,63600,1,0,0:0:0:0:
329,192,63600,1,0,0:0:0:0:
36,192,63600,1,0,0:0:0:0:
182,192,63800,1,0,0:0:0:0:
256,192,63800,1,0,0:0:0:0:
329,192,63800,1,0,0:0:0:0:
36,192,63800,1,0,0:0:0:0:
182,192,64000,1,0,0:0:0:0:
109,192,64000,1,0,0:0:0:0:
256,192,64000,1,0,0:0:0:0:
329,192,64000,1,0,0:0:0:0:
36,192,64000,1,0,0:0:0:0:
109,192,64300,1,0,0:0:0:0:
109,192,64600,1,0,0:0:0:0:
182,192,64800,1,0,0:0:0:0:
109,192,64800,1,0,0:0:0:0:
256,192,64800,1,0,0:0:0:0:
329,192,64800,1,0,0:0:0:0:
36,192,64800,1,0,0:0:0:0:
182,192,65000,1,0,0:0:0:0:
256,192,65000,1,0,0:0:0:0:
329,192,65000,1,0,0:0:0:0:
36,192,65000,1,0,0:0:0:0:
182,192,65200,1,0,0:0:0:0:
109,192,65200,1,0,0:0:0:0:
256,192,65200,1,0,0:0:0:0:
329,192,65200,1,0,0:0:0:0:
36,192,65200,1,0,0:0:0:0:
182,192,65400,1,0,0:0:0:0:
256,192,65400,1,0,0:0:0:0:
329,192,65400,1,0,0:0:0:0:
36,192,65400,1,0,0:0:0:0:
182,192,65600,1,0,0:0:0:0:
109,192,65600,1,0,0:0:0:0:
256,192,65600,1,0,0:0:0:0:
329,192,65600,1,0,0:0:0:0:
402,192,65600,1,0,0:0:0:0:
475,192,65600,1,0,0:0:0:0:
36,192,65600,1,0,0:0:0:0:
182,192,66200,1,0,0:0:0:0:
109,192,66200,1,0,0:0:0:0:
256,192,66200,1,0,0:0:0:0:
329,192,66200,1,0,0:0:0:0:
402,192,66200,1,0,0:0:0:0:
36,192,66200,1,0,0:0:0:0:
182,192,66300,1,0,0:0:0:0:
109,192,66300,1,0,0:0:0:0:
36,192,66300,1,0,0:0:0:0:
182,192,66400,1,0,0:0:0:0:
109,192,66400,1,0,0:0:0:0:
256,192,66400,1,0,0:0:0:0:
329,192,66400,1,0,0:0:0:0:
36,192,66400,1,0,0:0:0:0:
182,192,66600,1,0,0:0:0:0:
109,192,66600,1,0,0:0:0:0:
256,192,66600,1,0,0:0:0:0:
329,192,66600,1,0,0:0:0:0:
36,192,66600,1,0,0:0:0:0:
182,192,66800,1,0,0:0:0:0:
109,192,66800,1,0,0:0:0:0:
256,192,66800,1,0,0:0:0:0:
329,192,66800,1,0,0:0:0:0:
36,192,66800,1,0,0:0:0:0:
182,192,67000,1,0,0:0:0:0:
109,192,67000,1,0,0:0:0:0:
256,192,67000,1,0,0:0:0:0:
329,192,67000,1,0,0:0:0:0:
36,192,67000,1,0,0:0:0:0:
182,192,67200,1,0,0:0:0:0:
109,192,67200,1,0,0:0:0:0:
256,192,67200,1,0,0:0:0:0:
329,192,67200,1,0,0:0:0:0:
402,192,67200,1,0,0:0:0:0:
36,192,67200,1,0,0:0:0:0:
109,192,67500,1,0,0:0:0:0:
182,192,67600,1,0,0:0:0:0:
109,192,67600,1,0,0:0:0:0:
256,192,67600,1,0,0:0:0:0:
329,192,67600,1,0,0:0:0:0:
402,192,67600,1,0,0:0:0:0:
36,192,67600,1,0,0:0:0:0:
109,192,67800,1,0,0:0:0:0:
182,192,68000,1,0,0:0:0:0:
109,192,68000,1,0,0:0:0:0:
256,192,68000,1,0,0:0:0:0:
329,192,68000,1,0,0:0:0:0:
402,192,68000,1,0,0:0:0:0:
36,192,68000,1,0,0:0:0:0:
109,192,68200,1,0,0:0:0:0:
182,192,68400,1,0,0:0:0:0:
109,192,68400,1,0,0:0:0:0:
256,192,68400,1,0,0:0:0:0:
329,192,68400,1,0,0:0:0:0:
402,192,68400,1,0,0:0:0:0:
36,192,68400,1,0,0:0:0:0:
109,192,68600,1,0,0:0:0:0:
182,192,68800,1,0,0:0:0:0:
109,192,68800,1,0,0:0:0:0:
256,192,68800,1,0,0:0:0:0:
329,192,68800,1,0,0:0:0:0:
402,192,68800,1,0,0:0:0:0:
36,192,68800,1,0,0:0:0:0:
182,192,69400,1,0,0:0:0:0:
109,192,69400,1,0,0:0:0:0:
256,192,69400,1,0,0:0:0:0:
329,192,69400,1,0,0:0:0:0:
36,192,69400,1,0,0:0:0:0:
182,192,69500,1,0,0:0:0:0:
109,192,69500,1,0,0:0:0:0:
36,192,69500,1,0,0:0:0:0:
182,192,69600,1,0,0:0:0:0:
109,192,69600,1,0,0:0:0:0:
256,192,69600,1,0,0:0:0:0:
329,192,69600,1,0,0:0:0:0:
36,192,69600,1,0,0:0:0:0:
182,192,69800,1,0,0:0:0:0:
109,192,69800,1,0,0:0:0:0:
256,192,69800,1,0,0:0:0:0:
329,192,69800,1,0,0:0:0:0:
36,192,69800,1,0,0:0:0:0:
182,192,70000,1,0,0:0:0:0:
109,192,70000,1,0,0:0:0:0:
256,192,70000,1,0,0:0:0:0:
329,192,70000,1,0,0:0:0:0:
36,192,70000,1,0,0:0:0:0:
182,192,70200,1,0,0:0:0:0:
109,192,70200,1,0,0:0:0:0:
256,192,70200,1,0,0:0:0:0:
329,192,70200,1,0,0:0:0:0:
36,192,70200,1,0,0:0:0:0:
182,192,70400,1,0,0:0:0:0:
109,192,70400,1,0,0:0:0:0:
256,192,70400,1,0,0:0:0:0:
329,192,70400,1,0,0:0:0:0:
402,192,70400,1,0,0:0:0:0:
36,192,70400,1,0,0:0:0:0:
109,192,70700,1,0,0:0:0:0:
182,192,70800,1,0,0:0:0:0:
109,192,70800,1,0,0:0:0:0:
256,192,70800,1,0,0:0:0:0:
329,192,70800,1,0,0:0:0:0:
402,192,70800,1,0,0:0:0:0:
36,192,70800,1,0,0:0:0:0:
109,192,71000,1,0,0:0:0:0:
182,192,71200,1,0,0:0:0:0:
109,192,71200,1,0,0:0:0:0:
256,192,71200,1,0,0:0:0:0:
329,192,71200,1,0,0:0:0:0:
402,192,71200,1,0,0:0:0:0:
36,192,71200,1,0,0:0:0:0:
109,192,71400,1,0,0:0:0:0:
182,192,71600,1,0,0:0:0:0:
109,192,71600,1,0,0:0:0:0:
256,192,71600,1,0,0:0:0:0:
329,192,71600,1,0,0:0:0:0:
402,192,71600,1,0,0:0:0:0:
36,192,71600,1,0,0:0:0:0:
109,192,71800,1,0,0:0:0:0:
182,192,72000,1,0,0:0:0:0:
109,192,72000,1,0,0:0:0:0:
256,192,72000,1,0,0:0:0:0:
329,192,72000,1,0,0:0:0:0:
402,192,72000,1,0,0:0:0:0:
36,192,72000,1,0,0:0:0:0:
182,192,72400,1,0,0:0:0:0:
256,192,72400,1,0,0:0:0:0:
329,192,72400,1,0,0:0:0:0:
402,192,72400,1,0,0:0:0:0:
36,192,72400,1,0,0:0:0:0:
109,192,72600,1,0,0:0:0:0:
109,192,72700,1,0,0:0:0:0:
182,192,72800,1,0,0:0:0:0:
109,192,72800,1,0,0:0:0:0:
256,192,72800,1,0,0:0:0:0:
329,192,72800,1,0,0:0:0:0:
402,192,72800,1,0,0:0:0:0:
36,192,72800,1,0,0:0:0:0:
109,192,73000,1,0,0:0:0:0:
182,192,73200,1,0,0:0:0:0:
109,192,73200,1,0,0:0:0:0:
256,192,73200,1,0,0:0:0:0:
329,192,73200,1,0,0:0:0:0:
402,192,73200,1,0,0:0:0:0:
36,192,73200,1,0,0:0:0:0:
109,192,73400,1,0,0:0:0:0:
182,192,73600,1,0,0:0:0:0:
109,192,73600,1,0,0:0:0:0:
256,192,73600,1,0,0:0:0:0:
329,192,73600,1,0,0:0:0:0:
402,192,73600,1,0,0:0:0:0:
36,192,73600,1,0,0:0:0:0:
182,192,73800,1,0,0:0:0:0:
256,192,73800,1,0,0:0:0:0:
329,192,73800,1,0,0:0:0:0:
36,192,73800,1,0,0:0:0:0:
109,192,73900,1,0,0:0:0:0:
109,192,74000,1,0,0:0:0:0:
182,192,74200,1,0,0:0:0:0:
109,192,74200,1,0,0:0:0:0:
256,192,74200,1,0,0:0:0:0:
329,192,74200,1,0,0:0:0:0:
402,192,74200,1,0,0:0:0:0:
36,192,74200,1,0,0:0:0:0:
182,192,74400,1,0,0:0:0:0:
109,192,74400,1,0,0:0:0:0:
256,192,74400,1,0,0:0:0:0:
329,192,74400,1,0,0:0:0:0:
36,192,74400,1,0,0:0:0:0:
109,192,74600,1,0,0:0:0:0:
182,192,74800,1,0,0:0:0:0:
109,192,74800,1,0,0:0:0:0:
256,192,74800,1,0,0:0:0:0:
329,192,74800,1,0,0:0:0:0:
402,192,74800,1,0,0:0:0:0:
36,192,74800,1,0,0:0:0:0:
182,192,75000,1,0,0:0:0:0:
109,192,75000,1,0,0:0:0:0:
256,192,75000,1,0,0:0:0:0:
329,192,75000,1,0,0:0:0:0:
36,192,75000,1,0,0:0:0:0:
182,192,75200,1,0,0:0:0:0:
109,192,75200,1,0,0:0:0:0:
256,192,75200,1,0,0:0:0:0:
329,192,75200,1,0,0:0:0:0:
36,192,75200,1,0,0:0:0:0:
182,192,75800,1,0,0:0:0:0:
109,192,75800,1,0,0:0:0:0:
256,192,75800,1,0,0:0:0:0:
329,192,75800,1,0,0:0:0:0:
402,192,75800,1,0,0:0:0:0:
36,192,75800,1,0,0:0:0:0:
182,192,75900,1,0,0:0:0:0:
109,192,75900,1,0,0:0:0:0:
36,192,75900,1,0,0:0:0:0:
182,192,76000,1,0,0:0:0:0:
109,192,76000,1,0,0:0:0:0:
256,192,76000,1,0,0:0:0:0:
329,192,76000,1,0,0:0:0:0:
36,192,76000,1,0,0:0:0:0:
182,192,76200,1,0,0:0:0:0:
109,192,76200,1,0,0:0:0:0:
256,192,76200,1,0,0:0:0:0:
329,192,76200,1,0,0:0:0:0:
36,192,76200,1,0,0:0:0:0:
182,192,76400,1,0,0:0:0:0:
109,192,76400,1,0,0:0:0:0:
256,192,76400,1,0,0:0:0:0:
329,192,76400,1,0,0:0:0:0:
36,192,76400,1,0,0:0:0:0:
182,192,76600,1,0,0:0:0:0:
109,192,76600,1,0,0:0:0:0:
256,192,76600,1,0,0:0:0:0:
329,192,76600,1,0,0:0:0:0:
36,192,76600,1,0,0:0:0:0:
182,192,76800,1,0,0:0:0:0:
109,192,76800,1,0,0:0:0:0:
256,192,76800,1,0,0:0:0:0:
329,192,76800,1,0,0:0:0:0:
402,192,76800,1,0,0:0:0:0:
475,192,76800,1,0,0:0:0:0:
36,192,76800,1,0,0:0:0:0:
182,192,77100,1,0,0:0:0:0:
109,192,77100,1,0,0:0:0:0:
256,192,77100,1,0,0:0:0:0:
329,192,77100,1,0,0:0:0:0:
402,192,77100,1,0,0:0:0:0:
36,192,77100,1,0,0:0:0:0:
182,192,77400,1,0,0:0:0:0:
109,192,77400,1,0,0:0:0:0:
256,192,77400,1,0,0:0:0:0:
329,192,77400,1,0,0:0:0:0:
402,192,77400,1,0,0:0:0:0:
36,192,77400,1,0,0:0:0:0:
182,192,77600,1,0,0:0:0:0:
109,192,77600,1,0,0:0:0:0:
256,192,77600,1,0,0:0:0:0:
329,192,77600,1,0,0:0:0:0:
402,192,77600,1,0,0:0:0:0:
36,192,77600,1,0,0:0:0:0:
182,192,78000,1,0,0:0:0:0:
109,192,78000,1,0,0:0:0:0:
256,192,78000,1,0,0:0:0:0:
329,192,78000,1,0,0:0:0:0:
36,192,78000,1,0,0:0:0:0:
182,192,78200,1,0,0:0:0:0:
109,192,78200,1,0,0:0:0:0:
256,192,78200,1,0,0:0:0:0:
329,192,78200,1,0,0:0:0:0:
36,192,78200,1,0,0:0:0:0:
182,192,78400,1,0,0:0:0:0:
109,192,78400,1,0,0:0:0:0:
256,192,78400,1,0,0:0:0:0:
329,192,78400,1,0,0:0:0:0:
402,192,78400,1,0,0:0:0:0:
475,192,78400,1,0,0:0:0:0:
36,192,78400,1,0,0:0:0:0:
182,192,79000,1,0,0:0:0:0:
109,192,79000,1,0,0:0:0:0:
256,192,79000,1,0,0:0:0:0:
329,192,79000,1,0,0:0:0:0:
402,192,79000,1,0,0:0:0:0:
36,192,79000,1,0,0:0:0:0:
182,192,79100,1,0,0:0:0:0:
109,192,79100,1,0,0:0:0:0:
36,192,79100,1,0,0:0:0:0:
182,192,79200,1,0,0:0:0:0:
109,192,79200,1,0,0:0:0:0:
256,192,79200,1,0,0:0:0:0:
329,192,79200,1,0,0:0:0:0:
36,192,79200,1,0,0:0:0:0:
182,192,79400,1,0,0:0:0:0:
109,192,79400,1,0,0:0:0:0:
256,192,79400,1,0,0:0:0:0:
329,192,79400,1,0,0:0:0:0:
36,192,79400,1,0,0:0:0:0:
182,192,79600,1,0,0:0:0:0:
109,192,79600,1,0,0:0:0:0:
256,192,79600,1,0,0:0:0:0:
329,192,79600,1,0,0:0:0:0:
36,192,79600,1,0,0:0:0:0:
182,192,79800,1,0,0:0:0:0:
109,192,79800,1,0,0:0:0:0:
256,192,79800,1,0,0:0:0:0:
329,192,79800,1,0,0:0:0:0:
36,192,79800,1,0,0:0:0:0:
182,192,80000,1,0,0:0:0:0:
109,192,80000,1,0,0:0:0:0:
256,192,80000,1,0,0:0:0:0:
329,192,80000,1,0,0:0:0:0:
402,192,80000,1,0,0:0:0:0:
475,192,80000,1,0,0:0:0:0:
36,192,80000,1,0,0:0:0:0:
109,192,80300,1,0,0:0:0:0:
182,192,80400,1,0,0:0:0:0:
109,192,80400,1,0,0:0:0:0:
256,192,80400,1,0,0:0:0:0:
329,192,80400,1,0,0:0:0:0:
402,192,80400,1,0,0:0:0:0:
36,192,80400,1,0,0:0:0:0:
109,192,80600,1,0,0:0:0:0:
182,192,80800,1,0,0:0:0:0:
109,192,80800,1,0,0:0:0:0:
256,192,80800,1,0,0:0:0:0:
329,192,80800,1,0,0:0:0:0:
402,192,80800,1,0,0:0:0:0:
36,192,80800,1,0,0:0:0:0:
109,192,81000,1,0,0:0:0:0:
182,192,81200,1,0,0:0:0:0:
109,192,81200,1,0,0:0:0:0:
256,192,81200,1,0,0:0:0:0:
329,192,81200,1,0,0:0:0:0:
402,192,81200,1,0,0:0:0:0:
36,192,81200,1,0,0:0:0:0:
109,192,81400,1,0,0:0:0:0:
182,192,81600,1,0,0:0:0:0:
109,192,81600,1,0,0:0:0:0:
256,192,81600,1,0,0:0:0:0:
329,192,81600,1,0,0:0:0:0:
402,192,81600,1,0,0:0:0:0:
36,192,81600,1,0,0:0:0:0:
182,192,82200,1,0,0:0:0:0:
109,192,82200,1,0,0:0:0:0:
256,192,82200,1,0,0:0:0:0:
329,192,82200,1,0,0:0:0:0:
36,192,82200,1,0,0:0:0:0:
182,192,82300,1,0,0:0:0:0:
109,192,82300,1,0,0:0:0:0:
36,192,82300,1,0,0:0:0:0:
182,192,82400,1,0,0:0:0:0:
109,192,82400,1,0,0:0:0:0:
256,192,82400,1,0,0:0:0:0:
329,192,82400,1,0,0:0:0:0:
402,192,82400,1,0,0:0:0:0:
36,192,82400,1,0,0:0:0:0:
182,192,82600,1,0,0:0:0:0:
109,192,82600,1,0,0:0:0:0:
256,192,82600,1,0,0:0:0:0:
329,192,82600,1,0,0:0:0:0:
36,192,82600,1,0,0:0:0:0:
182,192,82800,1,0,0:0:0:0:
109,192,82800,1,0,0:0:0:0:
256,192,82800,1,0,0:0:0:0:
329,192,82800,1,0,0:0:0:0:
36,192,82800,1,0,0:0:0:0:
182,192,83000,1,0,0:0:0:0:
109,192,83000,1,0,0:0:0:0:
256,192,83000,1,0,0:0:0:0:
329,192,83000,1,0,0:0:0:0:
36,192,83000,1,0,0:0:0:0:
182,192,83200,1,0,0:0:0:0:
109,192,83200,1,0,0:0:0:0:
256,192,83200,1,0,0:0:0:0:
329,192,83200,1,0,0:0:0:0:
402,192,83200,1,0,0:0:0:0:
36,192,83200,1,0,0:0:0:0:
109,192,83500,1,0,0:0:0:0:
182,192,83600,1,0,0:0:0:0:
109,192,83600,1,0,0:0:0:0:
256,192,83600,1,0,0:0:0:0:
329,192,83600,1,0,0:0:0:0:
402,192,83600,1,0,0:0:0:0:
36,192,83600,1,0,0:0:0:0:
109,192,83800,1,0,0:0:0:0:
182,192,84000,1,0,0:0:0:0:
109,192,84000,1,0,0:0:0:0:
256,192,84000,1,0,0:0:0:0:
329,192,84000,1,0,0:0:0:0:
402,192,84000,1,0,0:0:0:0:
36,192,84000,1,0,0:0:0:0:
109,192,84200,1,0,0:0:0:0:
182,192,84400,1,0,0:0:0:0:
109,192,84400,1,0,0:0:0:0:
256,192,84400,1,0,0:0:0:0:
329,192,84400,1,0,0:0:0:0:
402,192,84400,1,0,0:0:0:0:
36,192,84400,1,0,0:0:0:0:
109,192,84600,1,0,0:0:0:0:
182,192,84800,1,0,0:0:0:0:
109,192,84800,1,0,0:0:0:0:
256,192,84800,1,0,0:0:0:0:
329,192,84800,1,0,0:0:0:0:
402,192,84800,1,0,0:0:0:0:
475,192,84800,1,0,0:0:0:0:
36,192,84800,1,0,0:0:0:0:
182,192,85200,1,0,0:0:0:0:
256,192,85200,1,0,0:0:0:0:
329,192,85200,1,0,0:0:0:0:
402,192,85200,1,0,0:0:0:0:
36,192,85200,1,0,0:0:0:0:
109,192,85400,1,0,0:0:0:0:
109,192,85500,1,0,0:0:0:0:
182,192,85600,1,0,0:0:0:0:
109,192,85600,1,0,0:0:0:0:
256,192,85600,1,0,0:0:0:0:
329,192,85600,1,0,0:0:0:0:
402,192,85600,1,0,0:0:0:0:
36,192,85600,1,0,0:0:0:0:
109,192,85800,1,0,0:0:0:0:
182,192,86000,1,0,0:0:0:0:
109,192,86000,1,0,0:0:0:0:
256,192,86000,1,0,0:0:0:0:
329,192,86000,1,0,0:0:0:0:
402,192,86000,1,0,0:0:0:0:
36,192,86000,1,0,0:0:0:0:
109,192,86200,1,0,0:0:0:0:
182,192,86400,1,0,0:0:0:0:
109,192,86400,1,0,0:0:0:0:
256,192,86400,1,0,0:0:0:0:
329,192,86400,1,0,0:0:0:0:
402,192,86400,1,0,0:0:0:0:
475,192,86400,1,0,0:0:0:0:
36,192,86400,1,0,0:0:0:0:
182,192,86600,1,0,0:0:0:0:
256,192,86600,1,0,0:0:0:0:
329,192,86600,1,0,0:0:0:0:
36,192,86600,1,0,0:0:0:0:
109,192,86700,1,0,0:0:0:0:
109,192,86800,1,0,0:0:0:0:
182,192,87000,1,0,0:0:0:0:
109,192,87000,1,0,0:0:0:0:
256,192,87000,1,0,0:0:0:0:
329,192,87000,1,0,0:0:0:0:
402,192,87000,1,0,0:0:0:0:
36,192,87000,1,0,0:0:0:0:
182,192,87200,1,0,0:0:0:0:
109,192,87200,1,0,0:0:0:0:
256,192,87200,1,0,0:0:0:0:
329,192,87200,1,0,0:0:0:0:
36,192,87200,1,0,0:0:0:0:
109,192,87400,1,0,0:0:0:0:
182,192,87600,1,0,0:0:0:0:
109,192,87600,1,0,0:0:0:0:
256,192,87600,1,0,0:0:0:0:
402,192,87600,1,0,0:0:0:0:
329,192,87600,1,0,0:0:0:0:
36,192,87600,1,0,0:0:0:0:
182,192,87800,1,0,0:0:0:0:
109,192,87800,1,0,0:0:0:0:
256,192,87800,1,0,0:0:0:0:
329,192,87800,1,0,0:0:0:0:
36,192,87800,1,0,0:0:0:0:
182,192,88000,1,0,0:0:0:0:
109,192,88000,1,0,0:0:0:0:
256,192,88000,1,0,0:0:0:0:
329,192,88000,1,0,0:0:0:0:
36,192,88000,1,0,0:0:0:0:
182,192,88600,1,0,0:0:0:0:
109,192,88600,1,0,0:0:0:0:
256,192,88600,1,0,0:0:0:0:
329,192,88600,1,0,0:0:0:0:
402,192,88600,1,0,0:0:0:0:
36,192,88600,1,0,0:0:0:0:
182,192,88700,1,0,0:0:0:0:
109,192,88700,1,0,0:0:0:0:
36,192,88700,1,0,0:0:0:0:
182,192,88800,1,0,0:0:0:0:
109,192,88800,1,0,0:0:0:0:
256,192,88800,1,0,0:0:0:0:
329,192,88800,1,0,0:0:0:0:
36,192,88800,1,0,0:0:0:0:
182,192,89000,1,0,0:0:0:0:
109,192,89000,1,0,0:0:0:0:
256,192,89000,1,0,0:0:0:0:
329,192,89000,1,0,0:0:0:0:
36,192,89000,1,0,0:0:0:0:
182,192,89200,1,0,0:0:0:0:
109,192,89200,1,0,0:0:0:0:
256,192,89200,1,0,0:0:0:0:
329,192,89200,1,0,0:0:0:0:
36,192,89200,1,0,0:0:0:0:
182,192,89400,1,0,0:0:0:0:
109,192,89400,1,0,0:0:0:0:
256,192,89400,1,0,0:0:0:0:
329,192,89400,1,0,0:0:0:0:
36,192,89400,1,0,0:0:0:0:
182,192,89600,1,0,0:0:0:0:
109,192,89600,1,0,0:0:0:0:
256,192,89600,1,0,0:0:0:0:
329,192,89600,1,0,0:0:0:0:
475,192,89600,1,0,0:0:0:0:
402,192,89600,1,0,0:0:0:0:
36,192,89600,1,0,0:0:0:0:
109,192,89900,1,0,0:0:0:0:
109,192,90000,1,0,0:0:0:0:
182,192,90200,1,0,0:0:0:0:
109,192,90200,1,0,0:0:0:0:
256,192,90200,1,0,0:0:0:0:
329,192,90200,1,0,0:0:0:0:
36,192,90200,1,0,0:0:0:0:
182,192,90400,1,0,0:0:0:0:
109,192,90400,1,0,0:0:0:0:
256,192,90400,1,0,0:0:0:0:
329,192,90400,1,0,0:0:0:0:
36,192,90400,1,0,0:0:0:0:
182,192,90600,1,0,0:0:0:0:
109,192,90600,1,0,0:0:0:0:
256,192,90600,1,0,0:0:0:0:
329,192,90600,1,0,0:0:0:0:
36,192,90600,1,0,0:0:0:0:
182,192,90800,1,0,0:0:0:0:
109,192,90800,1,0,0:0:0:0:
256,192,90800,1,0,0:0:0:0:
329,192,90800,1,0,0:0:0:0:
36,192,90800,1,0,0:0:0:0:
182,192,91000,1,0,0:0:0:0:
109,192,91000,1,0,0:0:0:0:
256,192,91000,1,0,0:0:0:0:
329,192,91000,1,0,0:0:0:0:
36,192,91000,1,0,0:0:0:0:
182,192,91200,1,0,0:0:0:0:
109,192,91200,1,0,0:0:0:0:
256,192,91200,1,0,0:0:0:0:
329,192,91200,1,0,0:0:0:0:
402,192,91200,1,0,0:0:0:0:
475,192,91200,1,0,0:0:0:0:
36,192,91200,1,0,0:0:0:0:
182,192,91800,1,0,0:0:0:0:
109,192,91800,1,0,0:0:0:0:
256,192,91800,1,0,0:0:0:0:
329,192,91800,1,0,0:0:0:0:
36,192,91800,1,0,0:0:0:0:
182,192,91900,1,0,0:0:0:0:
109,192,91900,1,0,0:0:0:0:
36,192,91900,1,0,0:0:0:0:
182,192,92000,1,0,0:0:0:0:
109,192,92000,1,0,0:0:0:0:
256,192,92000,1,0,0:0:0:0:
329,192,92000,1,0,0:0:0:0:
36,192,92000,1,0,0:0:0:0:
182,192,92200,1,0,0:0:0:0:
109,192,92200,1,0,0:0:0:0:
256,192,92200,1,0,0:0:0:0:
329,192,92200,1,0,0:0:0:0:
36,192,92200,1,0,0:0:0:0:
182,192,92400,1,0,0:0:0:0:
109,192,92400,1,0,0:0:0:0:
256,192,92400,1,0,0:0:0:0:
329,192,92400,1,0,0:0:0:0:
36,192,92400,1,0,0:0:0:0:
182,192,92600,1,0,0:0:0:0:
109,192,92600,1,0,0:0:0:0:
256,192,92600,1,0,0:0:0:0:
329,192,92600,1,0,0:0:0:0:
36,192,92600,1,0,0:0:0:0:
182,192,92800,1,0,0:0:0:0:
109,192,92800,1,0,0:0:0:0:
256,192,92800,1,0,0:0:0:0:
329,192,92800,1,0,0:0:0:0:
402,192,92800,1,0,0:0:0:0:
36,192,92800,1,0,0:0:0:0:
109,192,93100,1,0,0:0:0:0:
182,192,93200,1,0,0:0:0:0:
109,192,93200,1,0,0:0:0:0:
256,192,93200,1,0,0:0:0:0:
329,192,93200,1,0,0:0:0:0:
402,192,93200,1,0,0:0:0:0:
36,192,93200,1,0,0:0:0:0:
109,192,93400,1,0,0:0:0:0:
182,192,93600,1,0,0:0:0:0:
109,192,93600,1,0,0:0:0:0:
256,192,93600,1,0,0:0:0:0:
329,192,93600,1,0,0:0:0:0:
402,192,93600,1,0,0:0:0:0:
36,192,93600,1,0,0:0:0:0:
109,192,93800,1,0,0:0:0:0:
182,192,94000,1,0,0:0:0:0:
109,192,94000,1,0,0:0:0:0:
256,192,94000,1,0,0:0:0:0:
329,192,94000,1,0,0:0:0:0:
402,192,94000,1,0,0:0:0:0:
36,192,94000,1,0,0:0:0:0:
109,192,94200,1,0,0:0:0:0:
182,192,94400,1,0,0:0:0:0:
109,192,94400,1,0,0:0:0:0:
256,192,94400,1,0,0:0:0:0:
329,192,94400,1,0,0:0:0:0:
402,192,94400,1,0,0:0:0:0:
36,192,94400,1,0,0:0:0:0:
182,192,95000,1,0,0:0:0:0:
109,192,95000,1,0,0:0:0:0:
256,192,95000,1,0,0:0:0:0:
329,192,95000,1,0,0:0:0:0:
36,192,95000,1,0,0:0:0:0:
182,192,95100,1,0,0:0:0:0:
109,192,95100,1,0,0:0:0:0:
36,192,95100,1,0,0:0:0:0:
182,192,95200,1,0,0:0:0:0:
109,192,95200,1,0,0:0:0:0:
256,192,95200,1,0,0:0:0:0:
329,192,95200,1,0,0:0:0:0:
36,192,95200,1,0,0:0:0:0:
182,192,95400,1,0,0:0:0:0:
109,192,95400,1,0,0:0:0:0:
256,192,95400,1,0,0:0:0:0:
329,192,95400,1,0,0:0:0:0:
36,192,95400,1,0,0:0:0:0:
182,192,95600,1,0,0:0:0:0:
109,192,95600,1,0,0:0:0:0:
256,192,95600,1,0,0:0:0:0:
329,192,95600,1,0,0:0:0:0:
36,192,95600,1,0,0:0:0:0:
182,192,95800,1,0,0:0:0:0:
109,192,95800,1,0,0:0:0:0:
256,192,95800,1,0,0:0:0:0:
329,192,95800,1,0,0:0:0:0:
36,192,95800,1,0,0:0:0:0:
182,192,96000,1,0,0:0:0:0:
109,192,96000,1,0,0:0:0:0:
256,192,96000,1,0,0:0:0:0:
329,192,96000,1,0,0:0:0:0:
402,192,96000,1,0,0:0:0:0:
36,192,96000,1,0,0:0:0:0:
109,192,96300,1,0,0:0:0:0:
182,192,96400,1,0,0:0:0:0:
109,192,96400,1,0,0:0:0:0:
256,192,96400,1,0,0:0:0:0:
329,192,96400,1,0,0:0:0:0:
402,192,96400,1,0,0:0:0:0:
36,192,96400,1,0,0:0:0:0:
109,192,96600,1,0,0:0:0:0:
182,192,96800,1,0,0:0:0:0:
109,192,96800,1,0,0:0:0:0:
256,192,96800,1,0,0:0:0:0:
329,192,96800,1,0,0:0:0:0:
402,192,96800,1,0,0:0:0:0:
36,192,96800,1,0,0:0:0:0:
109,192,97000,1,0,0:0:0:0:
182,192,97200,1,0,0:0:0:0:
109,192,97200,1,0,0:0:0:0:
256,192,97200,1,0,0:0:0:0:
329,192,97200,1,0,0:0:0:0:
402,192,97200,1,0,0:0:0:0:
36,192,97200,1,0,0:0:0:0:
109,192,97400,1,0,0:0:0:0:
182,192,97600,1,0,0:0:0:0:
109,192,97600,1,0,0:0:0:0:
256,192,97600,1,0,0:0:0:0:
329,192,97600,1,0,0:0:0:0:
402,192,97600,1,0,0:0:0:0:
36,192,97600,1,0,0:0:0:0:
182,192,98200,1,0,0:0:0:0:
109,192,98200,1,0,0:0:0:0:
256,192,98200,1,0,0:0:0:0:
329,192,98200,1,0,0:0:0:0:
36,192,98200,1,0,0:0:0:0:
182,192,98300,1,0,0:0:0:0:
109,192,98300,1,0,0:0:0:0:
36,192,98300,1,0,0:0:0:0:
182,192,98400,1,0,0:0:0:0:
109,192,98400,1,0,0:0:0:0:
256,192,98400,1,0,0:0:0:0:
329,192,98400,1,0,0:0:0:0:
36,192,98400,1,0,0:0:0:0:
182,192,98600,1,0,0:0:0:0:
109,192,98600,1,0,0:0:0:0:
256,192,98600,1,0,0:0:0:0:
329,192,98600,1,0,0:0:0:0:
36,192,98600,1,0,0:0:0:0:
182,192,98800,1,0,0:0:0:0:
109,192,98800,1,0,0:0:0:0:
256,192,98800,1,0,0:0:0:0:
329,192,98800,1,0,0:0:0:0:
36,192,98800,1,0,0:0:0:0:
182,192,99000,1,0,0:0:0:0:
109,192,99000,1,0,0:0:0:0:
256,192,99000,1,0,0:0:0:0:
329,192,99000,1,0,0:0:0:0:
36,192,99000,1,0,0:0:0:0:
182,192,99200,1,0,0:0:0:0:
109,192,99200,1,0,0:0:0:0:
256,192,99200,1,0,0:0:0:0:
329,192,99200,1,0,0:0:0:0:
402,192,99200,1,0,0:0:0:0:
36,192,99200,1,0,0:0:0:0:
109,192,99500,1,0,0:0:0:0:
182,192,99600,1,0,0:0:0:0:
109,192,99600,1,0,0:0:0:0:
256,192,99600,1,0,0:0:0:0:
402,192,99600,1,0,0:0:0:0:
329,192,99600,1,0,0:0:0:0:
36,192,99600,1,0,0:0:0:0:
109,192,99800,1,0,0:0:0:0:
182,192,100000,1,0,0:0:0:0:
109,192,100000,1,0,0:0:0:0:
256,192,100000,1,0,0:0:0:0:
329,192,100000,1,0,0:0:0:0:
402,192,100000,1,0,0:0:0:0:
36,192,100000,1,0,0:0:0:0:
109,192,100200,1,0,0:0:0:0:
182,192,100400,1,0,0:0:0:0:
109,192,100400,1,0,0:0:0:0:
256,192,100400,1,0,0:0:0:0:
329,192,100400,1,0,0:0:0:0:
402,192,100400,1,0,0:0:0:0:
36,192,100400,1,0,0:0:0:0:
109,192,100600,1,0,0:0:0:0:
182,192,100800,1,0,0:0:0:0:
109,192,100800,1,0,0:0:0:0:
256,192,100800,1,0,0:0:0:0:
329,192,100800,1,0,0:0:0:0:
402,192,100800,1,0,0:0:0:0:
36,192,100800,1,0,0:0:0:0:
182,192,101400,1,0,0:0:0:0:
109,192,101400,1,0,0:0:0:0:
256,192,101400,1,0,0:0:0:0:
329,192,101400,1,0,0:0:0:0:
36,192,101400,1,0,0:0:0:0:
182,192,101500,1,0,0:0:0:0:
109,192,101500,1,0,0:0:0:0:
36,192,101500,1,0,0:0:0:0:
182,192,101600,1,0,0:0:0:0:
109,192,101600,1,0,0:0:0:0:
256,192,101600,1,0,0:0:0:0:
329,192,101600,1,0,0:0:0:0:
36,192,101600,1,0,0:0:0:0:
182,192,101800,1,0,0:0:0:0:
109,192,101800,1,0,0:0:0:0:
256,192,101800,1,0,0:0:0:0:
329,192,101800,1,0,0:0:0:0:
36,192,101800,1,0,0:0:0:0:
182,192,102000,1,0,0:0:0:0:
109,192,102000,1,0,0:0:0:0:
256,192,102000,1,0,0:0:0:0:
329,192,102000,1,0,0:0:0:0:
36,192,102000,1,0,0:0:0:0:
182,192,102200,1,0,0:0:0:0:
109,192,102200,1,0,0:0:0:0:
256,192,102200,1,0,0:0:0:0:
329,192,102200,1,0,0:0:0:0:
36,192,102200,1,0,0:0:0:0:
182,192,102400,1,0,0:0:0:0:
109,192,102400,1,0,0:0:0:0:
256,192,102400,1,0,0:0:0:0:
329,192,102400,1,0,0:0:0:0:
402,192,102400,1,0,0:0:0:0:
36,192,102400,1,0,0:0:0:0:
182,192,102700,1,0,0:0:0:0:
109,192,102700,1,0,0:0:0:0:
256,192,102700,1,0,0:0:0:0:
329,192,102700,1,0,0:0:0:0:
402,192,102700,1,0,0:0:0:0:
36,192,102700,1,0,0:0:0:0:
182,192,103000,1,0,0:0:0:0:
109,192,103000,1,0,0:0:0:0:
256,192,103000,1,0,0:0:0:0:
329,192,103000,1,0,0:0:0:0:
402,192,103000,1,0,0:0:0:0:
36,192,103000,1,0,0:0:0:0:
182,192,103200,1,0,0:0:0:0:
109,192,103200,1,0,0:0:0:0:
256,192,103200,1,0,0:0:0:0:
329,192,103200,1,0,0:0:0:0:
402,192,103200,1,0,0:0:0:0:
36,192,103200,1,0,0:0:0:0:
182,192,103600,1,0,0:0:0:0:
109,192,103600,1,0,0:0:0:0:
256,192,103600,1,0,0:0:0:0:
329,192,103600,1,0,0:0:0:0:
402,192,103600,1,0,0:0:0:0:
36,192,103600,1,0,0:0:0:0:
109,192,103800,1,0,0:0:0:0:
182,192,104000,1,0,0:0:0:0:
109,192,104000,1,0,0:0:0:0:
256,192,104000,1,0,0:0:0:0:
329,192,104000,1,0,0:0:0:0:
402,192,104000,1,0,0:0:0:0:
475,192,104000,1,0,0:0:0:0:
36,192,104000,1,0,0:0:0:0:
182,192,104600,1,0,0:0:0:0:
109,192,104600,1,0,0:0:0:0:
256,192,104600,1,0,0:0:0:0:
329,192,104600,1,0,0:0:0:0:
36,192,104600,1,0,0:0:0:0:
182,192,104700,1,0,0:0:0:0:
109,192,104700,1,0,0:0:0:0:
36,192,104700,1,0,0:0:0:0:
182,192,104800,1,0,0:0:0:0:
109,192,104800,1,0,0:0:0:0:
256,192,104800,1,0,0:0:0:0:
329,192,104800,1,0,0:0:0:0:
36,192,104800,1,0,0:0:0:0:
182,192,105000,1,0,0:0:0:0:
109,192,105000,1,0,0:0:0:0:
256,192,105000,1,0,0:0:0:0:
329,192,105000,1,0,0:0:0:0:
36,192,105000,1,0,0:0:0:0:
182,192,105200,1,0,0:0:0:0:
109,192,105200,1,0,0:0:0:0:
256,192,105200,1,0,0:0:0:0:
329,192,105200,1,0,0:0:0:0:
36,192,105200,1,0,0:0:0:0:
182,192,105400,1,0,0:0:0:0:
109,192,105400,1,0,0:0:0:0:
256,192,105400,1,0,0:0:0:0:
329,192,105400,1,0,0:0:0:0:
36,192,105400,1,0,0:0:0:0:
182,192,105600,1,0,0:0:0:0:
109,192,105600,1,0,0:0:0:0:
256,192,105600,1,0,0:0:0:0:
329,192,105600,1,0,0:0:0:0:
402,192,105600,1,0,0:0:0:0:
36,192,105600,1,0,0:0:0:0:
109,192,105900,1,0,0:0:0:0:
182,192,106000,1,0,0:0:0:0:
109,192,106000,1,0,0:0:0:0:
256,192,106000,1,0,0:0:0:0:
329,192,106000,1,0,0:0:0:0:
402,192,106000,1,0,0:0:0:0:
36,192,106000,1,0,0:0:0:0:
109,192,106200,1,0,0:0:0:0:
182,192,106400,1,0,0:0:0:0:
109,192,106400,1,0,0:0:0:0:
256,192,106400,1,0,0:0:0:0:
329,192,106400,1,0,0:0:0:0:
402,192,106400,1,0,0:0:0:0:
36,192,106400,1,0,0:0:0:0:
109,192,106600,1,0,0:0:0:0:
182,192,106800,1,0,0:0:0:0:
109,192,106800,1,0,0:0:0:0:
256,192,106800,1,0,0:0:0:0:
329,192,106800,1,0,0:0:0:0:
402,192,106800,1,0,0:0:0:0:
36,192,106800,1,0,0:0:0:0:
109,192,107000,1,0,0:0:0:0:
182,192,107200,1,0,0:0:0:0:
109,192,107200,1,0,0:0:0:0:
256,192,107200,1,0,0:0:0:0:
329,192,107200,1,0,0:0:0:0:
402,192,107200,1,0,0:0:0:0:
36,192,107200,1,0,0:0:0:0:
182,192,107800,1,0,0:0:0:0:
109,192,107800,1,0,0:0:0:0:
256,192,107800,1,0,0:0:0:0:
329,192,107800,1,0,0:0:0:0:
36,192,107800,1,0,0:0:0:0:
182,192,107900,1,0,0:0:0:0:
109,192,107900,1,0,0:0:0:0:
36,192,107900,1,0,0:0:0:0:
182,192,108000,1,0,0:0:0:0:
109,192,108000,1,0,0:0:0:0:
256,192,108000,1,0,0:0:0:0:
329,192,108000,1,0,0:0:0:0:
36,192,108000,1,0,0:0:0:0:
182,192,108200,1,0,0:0:0:0:
109,192,108200,1,0,0:0:0:0:
256,192,108200,1,0,0:0:0:0:
329,192,108200,1,0,0:0:0:0:
36,192,108200,1,0,0:0:0:0:
182,192,108400,1,0,0:0:0:0:
109,192,108400,1,0,0:0:0:0:
256,192,108400,1,0,0:0:0:0:
329,192,108400,1,0,0:0:0:0:
36,192,108400,1,0,0:0:0:0:
182,192,108600,1,0,0:0:0:0:
109,192,108600,1,0,0:0:0:0:
256,192,108600,1,0,0:0:0:0:
329,192,108600,1,0,0:0:0:0:
36,192,108600,1,0,0:0:0:0:
182,192,108800,1,0,0:0:0:0:
109,192,108800,1,0,0:0:0:0:
256,192,108800,1,0,0:0:0:0:
329,192,108800,1,0,0:0:0:0:
402,192,108800,1,0,0:0:0:0:
36,192,108800,1,0,0:0:0:0:
109,192,109100,1,0,0:0:0:0:
182,192,109200,1,0,0:0:0:0:
109,192,109200,1,0,0:0:0:0:
256,192,109200,1,0,0:0:0:0:
329,192,109200,1,0,0:0:0:0:
402,192,109200,1,0,0:0:0:0:
36,192,109200,1,0,0:0:0:0:
109,192,109400,1,0,0:0:0:0:
182,192,109600,1,0,0:0:0:0:
109,192,109600,1,0,0:0:0:0:
256,192,109600,1,0,0:0:0:0:
329,192,109600,1,0,0:0:0:0:
402,192,109600,1,0,0:0:0:0:
36,192,109600,1,0,0:0:0:0:
109,192,109800,1,0,0:0:0:0:
182,192,110000,1,0,0:0:0:0:
109,192,110000,1,0,0:0:0:0:
256,192,110000,1,0,0:0:0:0:
329,192,110000,1,0,0:0:0:0:
402,192,110000,1,0,0:0:0:0:
36,192,110000,1,0,0:0:0:0:
109,192,110200,1,0,0:0:0:0:
182,192,110400,1,0,0:0:0:0:
109,192,110400,1,0,0:0:0:0:
256,192,110400,1,0,0:0:0:0:
329,192,110400,1,0,0:0:0:0:
402,192,110400,1,0,0:0:0:0:
36,192,110400,1,0,0:0:0:0:
182,192,111000,1,0,0:0:0:0:
109,192,111000,1,0,0:0:0:0:
256,192,111000,1,0,0:0:0:0:
329,192,111000,1,0,0:0:0:0:
36,192,111000,1,0,0:0:0:0:
182,192,111100,1,0,0:0:0:0:
109,192,111100,1,0,0:0:0:0:
36,192,111100,1,0,0:0:0:0:
182,192,111200,1,0,0:0:0:0:
109,192,111200,1,0,0:0:0:0:
256,192,111200,1,0,0:0:0:0:
329,192,111200,1,0,0:0:0:0:
36,192,111200,1,0,0:0:0:0:
182,192,111400,1,0,0:0:0:0:
109,192,111400,1,0,0:0:0:0:
256,192,111400,1,0,0:0:0:0:
329,192,111400,1,0,0:0:0:0:
36,192,111400,1,0,0:0:0:0:
182,192,111600,1,0,0:0:0:0:
109,192,111600,1,0,0:0:0:0:
256,192,111600,1,0,0:0:0:0:
329,192,111600,1,0,0:0:0:0:
36,192,111600,1,0,0:0:0:0:
182,192,111800,1,0,0:0:0:0:
109,192,111800,1,0,0:0:0:0:
256,192,111800,1,0,0:0:0:0:
329,192,111800,1,0,0:0:0:0:
36,192,111800,1,0,0:0:0:0:
182,192,112000,1,0,0:0:0:0:
109,192,112000,1,0,0:0:0:0:
256,192,112000,1,0,0:0:0:0:
329,192,112000,1,0,0:0:0:0:
402,192,112000,1,0,0:0:0:0:
36,192,112000,1,0,0:0:0:0:
109,192,112300,1,0,0:0:0:0:
182,192,112400,1,0,0:0:0:0:
109,192,112400,1,0,0:0:0:0:
256,192,112400,1,0,0:0:0:0:
329,192,112400,1,0,0:0:0:0:
402,192,112400,1,0,0:0:0:0:
36,192,112400,1,0,0:0:0:0:
109,192,112600,1,0,0:0:0:0:
182,192,112800,1,0,0:0:0:0:
109,192,112800,1,0,0:0:0:0:
256,192,112800,1,0,0:0:0:0:
329,192,112800,1,0,0:0:0:0:
402,192,112800,1,0,0:0:0:0:
36,192,112800,1,0,0:0:0:0:
109,192,113000,1,0,0:0:0:0:
182,192,113200,1,0,0:0:0:0:
109,192,113200,1,0,0:0:0:0:
256,192,113200,1,0,0:0:0:0:
329,192,113200,1,0,0:0:0:0:
402,192,113200,1,0,0:0:0:0:
36,192,113200,1,0,0:0:0:0:
109,192,113400,1,0,0:0:0:0:
182,192,113600,1,0,0:0:0:0:
109,192,113600,1,0,0:0:0:0:
256,192,113600,1,0,0:0:0:0:
329,192,113600,1,0,0:0:0:0:
402,192,113600,1,0,0:0:0:0:
36,192,113600,1,0,0:0:0:0:
182,192,114200,1,0,0:0:0:0:
109,192,114200,1,0,0:0:0:0:
256,192,114200,1,0,0:0:0:0:
329,192,114200,1,0,0:0:0:0:
36,192,114200,1,0,0:0:0:0:
182,192,114300,1,0,0:0:0:0:
109,192,114300,1,0,0:0:0:0:
36,192,114300,1,0,0:0:0:0:
182,192,114400,1,0,0:0:0:0:
109,192,114400,1,0,0:0:0:0:
256,192,114400,1,0,0:0:0:0:
329,192,114400,1,0,0:0:0:0:
36,192,114400,1,0,0:0:0:0:
182,192,114600,1,0,0:0:0:0:
109,192,114600,1,0,0:0:0:0:
256,192,114600,1,0,0:0:0:0:
329,192,114600,1,0,0:0:0:0:
36,192,114600,1,0,0:0:0:0:
182,192,114800,1,0,0:0:0:0:
109,192,114800,1,0,0:0:0:0:
256,192,114800,1,0,0:0:0:0:
329,192,114800,1,0,0:0:0:0:
36,192,114800,1,0,0:0:0:0:
182,192,115000,1,0,0:0:0:0:
109,192,115000,1,0,0:0:0:0:
256,192,115000,1,0,0:0:0:0:
329,192,115000,1,0,0:0:0:0:
36,192,115000,1,0,0:0:0:0:
182,192,115200,1,0,0:0:0:0:
109,192,115200,1,0,0:0:0:0:
256,192,115200,1,0,0:0:0:0:
329,192,115200,1,0,0:0:0:0:
402,192,115200,1,0,0:0:0:0:
36,192,115200,1,0,0:0:0:0:
182,192,115500,1,0,0:0:0:0:
109,192,115500,1,0,0:0:0:0:
256,192,115500,1,0,0:0:0:0:
329,192,115500,1,0,0:0:0:0:
402,192,115500,1,0,0:0:0:0:
36,192,115500,1,0,0:0:0:0:
182,192,115800,1,0,0:0:0:0:
109,192,115800,1,0,0:0:0:0:
256,192,115800,1,0,0:0:0:0:
329,192,115800,1,0,0:0:0:0:
402,192,115800,1,0,0:0:0:0:
36,192,115800,1,0,0:0:0:0:
182,192,116000,1,0,0:0:0:0:
109,192,116000,1,0,0:0:0:0:
256,192,116000,1,0,0:0:0:0:
329,192,116000,1,0,0:0:0:0:
402,192,116000,1,0,0:0:0:0:
36,192,116000,1,0,0:0:0:0:
182,192,116400,1,0,0:0:0:0:
109,192,116400,1,0,0:0:0:0:
256,192,116400,1,0,0:0:0:0:
329,192,116400,1,0,0:0:0:0:
402,192,116400,1,0,0:0:0:0:
36,192,116400,1,0,0:0:0:0:
182,192,116600,1,0,0:0:0:0:
256,192,116600,1,0,0:0:0:0:
329,192,116600,1,0,0:0:0:0:
36,192,116600,1,0,0:0:0:0:
182,192,116800,1,0,0:0:0:0:
256,192,116800,1,0,0:0:0:0:
329,192,116800,1,0,0:0:0:0:
402,192,116800,1,0,0:0:0:0:
475,192,116800,1,0,0:0:0:0:
36,192,116800,1,0,0:0:0:0: