256,192,754,5,0,0:0:0:0:
109,192,754,1,0,0:0:0:0:
256,192,1402,1,0,0:0:0:0:
109,192,1402,1,0,0:0:0:0:
256,192,2051,1,0,0:0:0:0:
109,192,2051,1,0,0:0:0:0:
256,192,2375,1,0,0:0:0:0:
109,192,2375,1,0,0:0:0:0:
256,192,2699,1,0,0:0:0:0:
109,192,2699,1,0,0:0:0:0:
182,192,2862,1,0,0:0:0:0:
109,192,2862,1,0,0:0:0:0:
36,192,2862,1,0,0:0:0:0:
182,192,3024,1,0,0:0:0:0:
109,192,3024,1,0,0:0:0:0:
36,192,3024,1,0,0:0:0:0:
182,192,3186,1,0,0:0:0:0:
36,192,3186,1,0,0:0:0:0:
182,192,3348,1,0,0:0:0:0:
109,192,3348,1,0,0:0:0:0:
36,192,3348,1,0,0:0:0:0:
256,192,3348,1,0,0:0:0:0:
36,192,3429,1,0,0:0:0:0:
36,192,3510,1,0,0:0:0:0:
36,192,3591,1,0,0:0:0:0:
109,192,3672,1,0,0:0:0:0:
36,192,3672,1,0,0:0:0:0:
256,192,3672,1,0,0:0:0:0:
36,192,3753,1,0,0:0:0:0:
109,192,3835,1,0,0:0:0:0:
36,192,3835,1,0,0:0:0:0:
36,192,3916,1,0,0:0:0:0:
109,192,3997,1,0,0:0:0:0:
36,192,3997,1,0,0:0:0:0:
256,192,3997,1,0,0:0:0:0:
36,192,4078,1,0,0:0:0:0:
109,192,4159,1,0,0:0:0:0:
36,192,4159,1,0,0:0:0:0:
36,192,4240,1,0,0:0:0:0:
109,192,4321,1,0,0:0:0:0:
36,192,4321,1,0,0:0:0:0:
256,192,4321,1,0,0:0:0:0:
36,192,4402,1,0,0:0:0:0:
109,192,4483,1,0,0:0:0:0:
36,192,4483,1,0,0:0:0:0:
36,192,4564,1,0,0:0:0:0:
36,192,4645,1,0,0:0:0:0:
256,192,4645,1,0,0:0:0:0:
36,192,4726,1,0,0:0:0:0:
109,192,4808,1,0,0:0:0:0:
36,192,4808,1,0,0:0:0:0:
36,192,4889,1,0,0:0:0:0:
109,192,4970,1,0,0:0:0:0:
36,192,4970,1,0,0:0:0:0:
256,192,4970,1,0,0:0:0:0:
36,192,5051,1,0,0:0:0:0:
109,192,5132,1,0,0:0:0:0:
36,192,5132,1,0,0:0:0:0:
36,192,5213,1,0,0:0:0:0:
109,192,5294,1,0,0:0:0:0:
36,192,5294,1,0,0:0:0:0:
256,192,5294,1,0,0:0:0:0:
36,192,5375,1,0,0:0:0:0:
182,192,5456,1,0,0:0:0:0:
109,192,5456,1,0,0:0:0:0:
36,192,5456,1,0,0:0:0:0:
36,192,5537,1,0,0:0:0:0:
182,192,5618,1,0,0:0:0:0:
109,192,5618,1,0,0:0:0:0:
36,192,5618,1,0,0:0:0:0:
256,192,5618,1,0,0:0:0:0:
36,192,5699,1,0,0:0:0:0:
182,192,5781,1,0,0:0:0:0:
109,192,5781,1,0,0:0:0:0:
36,192,5781,1,0,0:0:0:0:
36,192,5862,1,0,0:0:0:0:
182,192,5943,1,0,0:0:0:0:
109,192,5943,1,0,0:0:0:0:
36,192,5943,1,0,0:0:0:0:
256,192,5943,1,0,0:0:0:0:
36,192,6024,1,0,0:0:0:0:
36,192,6105,1,0,0:0:0:0:
36,192,6186,1,0,0:0:0:0:
109,192,6267,1,0,0:0:0:0:
36,192,6267,1,0,0:0:0:0:
256,192,6267,1,0,0:0:0:0:
36,192,6348,1,0,0:0:0:0:
109,192,6429,1,0,0:0:0:0:
36,192,6429,1,0,0:0:0:0:
36,192,6510,1,0,0:0:0:0:
109,192,6591,1,0,0:0:0:0:
36,192,6591,1,0,0:0:0:0:
256,192,6591,1,0,0:0:0:0:
36,192,6672,1,0,0:0:0:0:
109,192,6753,1,0,0:0:0:0:
36,192,6753,1,0,0:0:0:0:
36,192,6835,1,0,0:0:0:0:
109,192,6916,1,0,0:0:0:0:
36,192,6916,1,0,0:0:0:0:
256,192,6916,1,0,0:0:0:0:
36,192,6997,1,0,0:0:0:0:
109,192,7078,1,0,0:0:0:0:
36,192,7078,1,0,0:0:0:0:
36,192,7159,1,0,0:0:0:0:
36,192,7240,1,0,0:0:0:0:
256,192,7240,1,0,0:0:0:0:
36,192,7321,1,0,0:0:0:0:
109,192,7402,1,0,0:0:0:0:
36,192,7402,1,0,0:0:0:0:
36,192,7483,1,0,0:0:0:0:
109,192,7564,1,0,0:0:0:0:
36,192,7564,1,0,0:0:0:0:
256,192,7564,1,0,0:0:0:0:
36,192,7645,1,0,0:0:0:0:
109,192,7726,1,0,0:0:0:0:
36,192,7726,1,0,0:0:0:0:
36,192,7808,1,0,0:0:0:0:
109,192,7889,1,0,0:0:0:0:
36,192,7889,1,0,0:0:0:0:
256,192,7889,1,0,0:0:0:0:
36,192,7970,1,0,0:0:0:0:
182,192,8051,1,0,0:0:0:0:
109,192,8051,1,0,0:0:0:0:
36,192,8051,1,0,0:0:0:0:
36,192,8132,1,0,0:0:0:0:
182,192,8213,1,0,0:0:0:0:
109,192,8213,1,0,0:0:0:0:
36,192,8213,1,0,0:0:0:0:
256,192,8213,1,0,0:0:0:0:
36,192,8294,1,0,0:0:0:0:
182,192,8375,1,0,0:0:0:0:
109,192,8375,1,0,0:0:0:0:
36,192,8375,1,0,0:0:0:0:
36,192,8456,1,0,0:0:0:0:
182,192,8537,1,0,0:0:0:0:
109,192,8537,1,0,0:0:0:0:
36,192,8537,1,0,0:0:0:0:
256,192,8537,1,0,0:0:0:0:
36,192,8618,1,0,0:0:0:0:
36,192,8699,1,0,0:0:0:0:
36,192,8781,1,0,0:0:0:0:
109,192,8862,1,0,0:0:0:0:
36,192,8862,1,0,0:0:0:0:
256,192,8862,1,0,0:0:0:0:
36,192,8943,1,0,0:0:0:0:
109,192,9024,1,0,0:0:0:0:
36,192,9024,1,0,0:0:0:0:
36,192,9105,1,0,0:0:0:0:
109,192,9186,1,0,0:0:0:0:
36,192,9186,1,0,0:0:0:0:
256,192,9186,1,0,0:0:0:0:
36,192,9267,1,0,0:0:0:0:
182,192,9348,1,0,0:0:0:0:
109,192,9348,1,0,0:0:0:0:
36,192,9348,1,0,0:0:0:0:
36,192,9429,1,0,0:0:0:0:
182,192,9510,1,0,0:0:0:0:
109,192,9510,1,0,0:0:0:0:
36,192,9510,1,0,0:0:0:0:
256,192,9510,1,0,0:0:0:0:
36,192,9591,1,0,0:0:0:0:
182,192,9672,1,0,0:0:0:0:
109,192,9672,1,0,0:0:0:0:
36,192,9672,1,0,0:0:0:0:
36,192,9753,1,0,0:0:0:0:
182,192,9835,1,0,0:0:0:0:
36,192,9835,1,0,0:0:0:0:
256,192,9835,1,0,0:0:0:0:
36,192,9916,1,0,0:0:0:0:
109,192,9997,1,0,0:0:0:0:
36,192,9997,1,0,0:0:0:0:
36,192,10078,1,0,0:0:0:0:
109,192,10159,1,0,0:0:0:0:
36,192,10159,1,0,0:0:0:0:
256,192,10159,1,0,0:0:0:0:
36,192,10240,1,0,0:0:0:0:
109,192,10321,1,0,0:0:0:0:
36,192,10321,1,0,0:0:0:0:
36,192,10402,1,0,0:0:0:0:
109,192,10483,1,0,0:0:0:0:
36,192,10483,1,0,0:0:0:0:
256,192,10483,1,0,0:0:0:0:
36,192,10564,1,0,0:0:0:0:
182,192,10645,1,0,0:0:0:0:
109,192,10645,1,0,0:0:0:0:
36,192,10645,1,0,0:0:0:0:
36,192,10726,1,0,0:0:0:0:
182,192,10808,1,0,0:0:0:0:
109,192,10808,1,0,0:0:0:0:
36,192,10808,1,0,0:0:0:0:
256,192,10808,1,0,0:0:0:0:
36,192,10889,1,0,0:0:0:0:
182,192,10970,1,0,0:0:0:0:
109,192,10970,1,0,0:0:0:0:
36,192,10970,1,0,0:0:0:0:
36,192,11051,1,0,0:0:0:0:
182,192,11132,1,0,0:0:0:0:
36,192,11132,1,0,0:0:0:0:
256,192,11456,1,0,0:0:0:0:
182,192,11456,1,0,0:0:0:0:
36,192,11456,1,0,0:0:0:0:
329,192,11456,1,0,0:0:0:0:
402,192,11456,1,0,0:0:0:0:
402,192,11740,1,0,0:0:0:0:
329,192,11740,1,0,0:0:0:0:
256,192,11740,1,0,0:0:0:0:
256,192,11781,1,0,0:0:0:0:
182,192,11781,1,0,0:0:0:0:
36,192,11781,1,0,0:0:0:0:
329,192,11781,1,0,0:0:0:0:
402,192,11781,1,0,0:0:0:0:
256,192,11983,1,0,0:0:0:0:
329,192,11983,1,0,0:0:0:0:
402,192,11983,1,0,0:0:0:0:
182,192,12105,1,0,0:0:0:0:
36,192,12105,1,0,0:0:0:0:
402,192,12308,1,0,0:0:0:0:
329,192,12308,1,0,0:0:0:0:
256,192,12308,1,0,0:0:0:0:
36,192,12429,1,0,0:0:0:0:
182,192,12429,1,0,0:0:0:0:
182,192,12672,1,0,0:0:0:0:
36,192,12672,1,0,0:0:0:0:
182,192,12916,1,0,0:0:0:0:
36,192,12916,1,0,0:0:0:0:
182,192,13078,1,0,0:0:0:0:
36,192,13078,1,0,0:0:0:0:
182,192,13402,1,0,0:0:0:0:
109,192,13402,1,0,0:0:0:0:
182,192,13726,1,0,0:0:0:0:
109,192,13726,1,0,0:0:0:0:
36,192,13726,1,0,0:0:0:0:
256,192,13726,1,0,0:0:0:0:
329,192,13726,1,0,0:0:0:0:
182,192,14375,1,0,0:0:0:0:
109,192,14375,1,0,0:0:0:0:
36,192,14375,1,0,0:0:0:0:
256,192,14375,1,0,0:0:0:0:
329,192,14375,1,0,0:0:0:0:
256,192,14862,1,0,0:0:0:0:
182,192,15024,1,0,0:0:0:0:
109,192,15024,1,0,0:0:0:0:
36,192,15024,1,0,0:0:0:0:
256,192,15186,1,0,0:0:0:0:
256,192,15348,1,0,0:0:0:0:
256,192,15510,1,0,0:0:0:0:
182,192,15672,1,0,0:0:0:0:
109,192,15672,1,0,0:0:0:0:
36,192,15672,1,0,0:0:0:0:
256,192,15672,1,0,0:0:0:0:
109,192,15753,1,0,0:0:0:0:
109,192,15835,1,0,0:0:0:0:
109,192,15916,1,0,0:0:0:0:
109,192,15997,1,0,0:0:0:0:
256,192,15997,1,0,0:0:0:0:
109,192,16078,1,0,0:0:0:0:
109,192,16159,1,0,0:0:0:0:
256,192,16159,1,0,0:0:0:0:
109,192,16240,1,0,0:0:0:0:
109,192,16321,1,0,0:0:0:0:
256,192,16321,1,0,0:0:0:0:
182,192,16645,1,0,0:0:0:0:
109,192,16645,1,0,0:0:0:0:
36,192,16645,1,0,0:0:0:0:
256,192,16645,1,0,0:0:0:0:
329,192,16645,1,0,0:0:0:0:
109,192,16808,1,0,0:0:0:0:
36,192,16808,1,0,0:0:0:0:
256,192,16808,1,0,0:0:0:0:
182,192,16970,1,0,0:0:0:0:
109,192,16970,1,0,0:0:0:0:
36,192,16970,1,0,0:0:0:0:
256,192,16970,1,0,0:0:0:0:
109,192,17132,1,0,0:0:0:0:
36,192,17132,1,0,0:0:0:0:
256,192,17132,1,0,0:0:0:0:
182,192,17294,1,0,0:0:0:0:
109,192,17294,1,0,0:0:0:0:
36,192,17294,1,0,0:0:0:0:
256,192,17294,1,0,0:0:0:0:
109,192,17456,1,0,0:0:0:0:
36,192,17456,1,0,0:0:0:0:
256,192,17456,1,0,0:0:0:0:
182,192,17618,1,0,0:0:0:0:
109,192,17618,1,0,0:0:0:0:
36,192,17618,1,0,0:0:0:0:
256,192,17618,1,0,0:0:0:0:
329,192,17618,1,0,0:0:0:0:
109,192,17781,1,0,0:0:0:0:
36,192,17781,1,0,0:0:0:0:
182,192,17943,1,0,0:0:0:0:
109,192,17943,1,0,0:0:0:0:
36,192,17943,1,0,0:0:0:0:
256,192,17943,1,0,0:0:0:0:
329,192,17943,1,0,0:0:0:0:
109,192,18105,1,0,0:0:0:0:
36,192,18105,1,0,0:0:0:0:
182,192,18267,1,0,0:0:0:0:
109,192,18267,1,0,0:0:0:0:
36,192,18267,1,0,0:0:0:0:
256,192,18267,1,0,0:0:0:0:
329,192,18267,1,0,0:0:0:0:
109,192,18429,1,0,0:0:0:0:
36,192,18429,1,0,0:0:0:0:
109,192,18510,1,0,0:0:0:0:
182,192,18591,1,0,0:0:0:0:
109,192,18591,1,0,0:0:0:0:
36,192,18591,1,0,0:0:0:0:
256,192,18591,1,0,0:0:0:0:
329,192,18591,1,0,0:0:0:0:
109,192,18672,1,0,0:0:0:0:
109,192,18753,1,0,0:0:0:0:
36,192,18753,1,0,0:0:0:0:
256,192,18753,1,0,0:0:0:0:
109,192,18835,1,0,0:0:0:0:
182,192,18916,1,0,0:0:0:0:
109,192,18916,1,0,0:0:0:0:
36,192,18916,1,0,0:0:0:0:
256,192,18916,1,0,0:0:0:0:
109,192,19078,1,0,0:0:0:0:
36,192,19078,1,0,0:0:0:0:
109,192,19240,1,0,0:0:0:0:
36,192,19240,1,0,0:0:0:0:
109,192,19402,1,0,0:0:0:0:
36,192,19402,1,0,0:0:0:0:
182,192,19564,1,0,0:0:0:0:
109,192,19564,1,0,0:0:0:0:
36,192,19564,1,0,0:0:0:0:
256,192,19564,1,0,0:0:0:0:
109,192,19726,1,0,0:0:0:0:
36,192,19726,1,0,0:0:0:0:
109,192,19889,1,0,0:0:0:0:
36,192,19889,1,0,0:0:0:0:
182,192,20051,1,0,0:0:0:0:
109,192,20051,1,0,0:0:0:0:
36,192,20051,1,0,0:0:0:0:
256,192,20051,1,0,0:0:0:0:
109,192,20213,1,0,0:0:0:0:
36,192,20213,1,0,0:0:0:0:
109,192,20375,1,0,0:0:0:0:
36,192,20375,1,0,0:0:0:0:
256,192,20375,1,0,0:0:0:0:
109,192,20537,1,0,0:0:0:0:
36,192,20537,1,0,0:0:0:0:
256,192,20537,1,0,0:0:0:0:
109,192,20699,1,0,0:0:0:0:
36,192,20699,1,0,0:0:0:0:
256,192,20699,1,0,0:0:0:0:
182,192,20862,1,0,0:0:0:0:
109,192,20862,1,0,0:0:0:0:
36,192,20862,1,0,0:0:0:0:
256,192,20862,1,0,0:0:0:0:
109,192,21024,1,0,0:0:0:0:
36,192,21024,1,0,0:0:0:0:
109,192,21186,1,0,0:0:0:0:
36,192,21186,1,0,0:0:0:0:
256,192,21186,1,0,0:0:0:0:
109,192,21348,1,0,0:0:0:0:
36,192,21348,1,0,0:0:0:0:
256,192,21348,1,0,0:0:0:0:
182,192,21510,1,0,0:0:0:0:
109,192,21510,1,0,0:0:0:0:
36,192,21510,1,0,0:0:0:0:
256,192,21510,1,0,0:0:0:0:
109,192,21672,1,0,0:0:0:0:
36,192,21672,1,0,0:0:0:0:
182,192,21835,1,0,0:0:0:0:
109,192,21835,1,0,0:0:0:0:
36,192,21835,1,0,0:0:0:0:
256,192,21835,1,0,0:0:0:0:
182,192,21997,1,0,0:0:0:0:
109,192,21997,1,0,0:0:0:0:
36,192,21997,1,0,0:0:0:0:
256,192,21997,1,0,0:0:0:0:
182,192,22159,1,0,0:0:0:0:
109,192,22159,1,0,0:0:0:0:
36,192,22159,1,0,0:0:0:0:
256,192,22159,1,0,0:0:0:0:
182,192,22321,1,0,0:0:0:0:
109,192,22321,1,0,0:0:0:0:
36,192,22321,1,0,0:0:0:0:
256,192,22321,1,0,0:0:0:0:
182,192,22483,1,0,0:0:0:0:
109,192,22483,1,0,0:0:0:0:
36,192,22483,1,0,0:0:0:0:
256,192,22483,1,0,0:0:0:0:
182,192,22645,1,0,0:0:0:0:
109,192,22645,1,0,0:0:0:0:
36,192,22645,1,0,0:0:0:0:
256,192,22645,1,0,0:0:0:0:
182,192,22808,1,0,0:0:0:0:
109,192,22808,1,0,0:0:0:0:
36,192,22808,1,0,0:0:0:0:
256,192,22808,1,0,0:0:0:0:
329,192,22808,1,0,0:0:0:0:
109,192,22970,1,0,0:0:0:0:
36,192,22970,1,0,0:0:0:0:
256,192,23051,1,0,0:0:0:0:
329,192,23051,1,0,0:0:0:0:
109,192,23132,1,0,0:0:0:0:
36,192,23132,1,0,0:0:0:0:
256,192,23132,1,0,0:0:0:0:
329,192,23132,1,0,0:0:0:0:
109,192,23294,1,0,0:0:0:0:
36,192,23294,1,0,0:0:0:0:
256,192,23294,1,0,0:0:0:0:
329,192,23294,1,0,0:0:0:0:
109,192,23456,1,0,0:0:0:0:
36,192,23456,1,0,0:0:0:0:
256,192,23456,1,0,0:0:0:0:
329,192,23456,1,0,0:0:0:0:
109,192,23618,1,0,0:0:0:0:
36,192,23618,1,0,0:0:0:0:
109,192,23699,1,0,0:0:0:0:
109,192,23781,1,0,0:0:0:0:
36,192,23781,1,0,0:0:0:0:
256,192,23781,1,0,0:0:0:0:
329,192,23781,1,0,0:0:0:0:
109,192,23862,1,0,0:0:0:0:
109,192,23943,1,0,0:0:0:0:
36,192,23943,1,0,0:0:0:0:
109,192,24024,1,0,0:0:0:0:
182,192,24105,1,0,0:0:0:0:
109,192,24105,1,0,0:0:0:0:
36,192,24105,1,0,0:0:0:0:
256,192,24105,1,0,0:0:0:0:
329,192,24105,1,0,0:0:0:0:
109,192,24267,1,0,0:0:0:0:
36,192,24267,1,0,0:0:0:0:
109,192,24429,1,0,0:0:0:0:
36,192,24429,1,0,0:0:0:0:
109,192,24591,1,0,0:0:0:0:
36,192,24591,1,0,0:0:0:0:
109,192,24753,1,0,0:0:0:0:
36,192,24753,1,0,0:0:0:0:
256,192,24753,1,0,0:0:0:0:
109,192,24916,1,0,0:0:0:0:
36,192,24916,1,0,0:0:0:0:
109,192,25078,1,0,0:0:0:0:
36,192,25078,1,0,0:0:0:0:
109,192,25240,1,0,0:0:0:0:
36,192,25240,1,0,0:0:0:0:
256,192,25240,1,0,0:0:0:0:
109,192,25402,1,0,0:0:0:0:
36,192,25402,1,0,0:0:0:0:
109,192,25564,1,0,0:0:0:0:
36,192,25564,1,0,0:0:0:0:
256,192,25564,1,0,0:0:0:0:
109,192,25726,1,0,0:0:0:0:
36,192,25726,1,0,0:0:0:0:
256,192,25726,1,0,0:0:0:0:
109,192,25889,1,0,0:0:0:0:
36,192,25889,1,0,0:0:0:0:
256,192,25889,1,0,0:0:0:0:
182,192,26051,1,0,0:0:0:0:
109,192,26051,1,0,0:0:0:0:
36,192,26051,1,0,0:0:0:0:
182,192,26213,1,0,0:0:0:0:
109,192,26213,1,0,0:0:0:0:
36,192,26213,1,0,0:0:0:0:
182,192,26375,1,0,0:0:0:0:
109,192,26375,1,0,0:0:0:0:
36,192,26375,1,0,0:0:0:0:
256,192,26375,1,0,0:0:0:0:
182,192,26537,1,0,0:0:0:0:
109,192,26537,1,0,0:0:0:0:
36,192,26537,1,0,0:0:0:0:
256,192,26537,1,0,0:0:0:0:
182,192,26699,1,0,0:0:0:0:
109,192,26699,1,0,0:0:0:0:
36,192,26699,1,0,0:0:0:0:
256,192,26699,1,0,0:0:0:0:
109,192,26862,1,0,0:0:0:0:
36,192,26862,1,0,0:0:0:0:
109,192,27024,1,0,0:0:0:0:
36,192,27024,1,0,0:0:0:0:
256,192,27024,1,0,0:0:0:0:
109,192,27186,1,0,0:0:0:0:
36,192,27186,1,0,0:0:0:0:
256,192,27186,1,0,0:0:0:0:
109,192,27348,1,0,0:0:0:0:
36,192,27348,1,0,0:0:0:0:
256,192,27348,1,0,0:0:0:0:
109,192,27510,1,0,0:0:0:0:
36,192,27510,1,0,0:0:0:0:
256,192,27510,1,0,0:0:0:0:
182,192,27672,1,0,0:0:0:0:
109,192,27672,1,0,0:0:0:0:
36,192,27672,1,0,0:0:0:0:
256,192,27672,1,0,0:0:0:0:
109,192,27835,1,0,0:0:0:0:
36,192,27835,1,0,0:0:0:0:
256,192,27835,1,0,0:0:0:0:
182,192,27997,1,0,0:0:0:0:
109,192,27997,1,0,0:0:0:0:
36,192,27997,1,0,0:0:0:0:
256,192,27997,1,0,0:0:0:0:
109,192,28159,1,0,0:0:0:0:
36,192,28159,1,0,0:0:0:0:
109,192,28321,1,0,0:0:0:0:
36,192,28321,1,0,0:0:0:0:
256,192,28321,1,0,0:0:0:0:
109,192,28483,1,0,0:0:0:0:
36,192,28483,1,0,0:0:0:0:
109,192,28645,1,0,0:0:0:0:
36,192,28645,1,0,0:0:0:0:
256,192,28645,1,0,0:0:0:0:
109,192,28808,1,0,0:0:0:0:
36,192,28808,1,0,0:0:0:0:
109,192,28889,1,0,0:0:0:0:
109,192,28970,1,0,0:0:0:0:
36,192,28970,1,0,0:0:0:0:
256,192,28970,1,0,0:0:0:0:
109,192,29051,1,0,0:0:0:0:
109,192,29132,1,0,0:0:0:0:
36,192,29132,1,0,0:0:0:0:
256,192,29132,1,0,0:0:0:0:
109,192,29213,1,0,0:0:0:0:
182,192,29294,1,0,0:0:0:0:
109,192,29294,1,0,0:0:0:0:
36,192,29294,1,0,0:0:0:0:
256,192,29294,1,0,0:0:0:0:
109,192,29456,1,0,0:0:0:0:
36,192,29456,1,0,0:0:0:0:
109,192,29618,1,0,0:0:0:0:
36,192,29618,1,0,0:0:0:0:
109,192,29781,1,0,0:0:0:0:
36,192,29781,1,0,0:0:0:0:
109,192,29943,1,0,0:0:0:0:
36,192,29943,1,0,0:0:0:0:
256,192,29943,1,0,0:0:0:0:
109,192,30105,1,0,0:0:0:0:
36,192,30105,1,0,0:0:0:0:
109,192,30267,1,0,0:0:0:0:
36,192,30267,1,0,0:0:0:0:
109,192,30429,1,0,0:0:0:0:
36,192,30429,1,0,0:0:0:0:
256,192,30429,1,0,0:0:0:0:
109,192,30591,1,0,0:0:0:0:
36,192,30591,1,0,0:0:0:0:
109,192,30753,1,0,0:0:0:0:
36,192,30753,1,0,0:0:0:0:
256,192,30753,1,0,0:0:0:0:
109,192,30916,1,0,0:0:0:0:
36,192,30916,1,0,0:0:0:0:
256,192,30916,1,0,0:0:0:0:
109,192,31078,1,0,0:0:0:0:
36,192,31078,1,0,0:0:0:0:
256,192,31078,1,0,0:0:0:0:
109,192,31240,1,0,0:0:0:0:
36,192,31240,1,0,0:0:0:0:
256,192,31240,1,0,0:0:0:0:
109,192,31402,1,0,0:0:0:0:
36,192,31402,1,0,0:0:0:0:
109,192,31564,1,0,0:0:0:0:
36,192,31564,1,0,0:0:0:0:
256,192,31564,1,0,0:0:0:0:
109,192,31726,1,0,0:0:0:0:
36,192,31726,1,0,0:0:0:0:
256,192,31726,1,0,0:0:0:0:
109,192,31808,1,0,0:0:0:0:
182,192,31889,1,0,0:0:0:0:
109,192,31889,1,0,0:0:0:0:
36,192,31889,1,0,0:0:0:0:
256,192,31889,1,0,0:0:0:0:
109,192,31970,1,0,0:0:0:0:
109,192,32051,1,0,0:0:0:0:
36,192,32051,1,0,0:0:0:0:
109,192,32132,1,0,0:0:0:0:
109,192,32213,1,0,0:0:0:0:
36,192,32213,1,0,0:0:0:0:
256,192,32213,1,0,0:0:0:0:
109,192,32294,1,0,0:0:0:0:
109,192,32375,1,0,0:0:0:0:
36,192,32375,1,0,0:0:0:0:
256,192,32375,1,0,0:0:0:0:
109,192,32456,1,0,0:0:0:0:
109,192,32537,1,0,0:0:0:0:
36,192,32537,1,0,0:0:0:0:
256,192,32537,1,0,0:0:0:0:
109,192,32618,1,0,0:0:0:0:
109,192,32699,1,0,0:0:0:0:
36,192,32699,1,0,0:0:0:0:
256,192,32699,1,0,0:0:0:0:
109,192,32781,1,0,0:0:0:0:
109,192,32862,1,0,0:0:0:0:
36,192,32862,1,0,0:0:0:0:
256,192,32862,1,0,0:0:0:0:
109,192,32943,1,0,0:0:0:0:
109,192,33024,1,0,0:0:0:0:
36,192,33024,1,0,0:0:0:0:
256,192,33024,1,0,0:0:0:0:
109,192,33105,1,0,0:0:0:0:
182,192,33186,1,0,0:0:0:0:
109,192,33186,1,0,0:0:0:0:
36,192,33186,1,0,0:0:0:0:
256,192,33186,1,0,0:0:0:0:
109,192,33267,1,0,0:0:0:0:
109,192,33348,1,0,0:0:0:0:
36,192,33348,1,0,0:0:0:0:
109,192,33429,1,0,0:0:0:0:
109,192,33510,1,0,0:0:0:0:
36,192,33510,1,0,0:0:0:0:
109,192,33591,1,0,0:0:0:0:
109,192,33672,1,0,0:0:0:0:
36,192,33672,1,0,0:0:0:0:
109,192,33753,1,0,0:0:0:0:
182,192,33835,1,0,0:0:0:0:
109,192,33835,1,0,0:0:0:0:
36,192,33835,1,0,0:0:0:0:
182,192,33997,1,0,0:0:0:0:
109,192,33997,1,0,0:0:0:0:
36,192,33997,1,0,0:0:0:0:
182,192,34159,1,0,0:0:0:0:
109,192,34159,1,0,0:0:0:0:
36,192,34159,1,0,0:0:0:0:
182,192,34483,1,0,0:0:0:0:
109,192,34483,1,0,0:0:0:0:
36,192,34483,1,0,0:0:0:0:
256,192,34483,1,0,0:0:0:0:
402,192,34483,1,0,0:0:0:0:
329,192,34483,1,0,0:0:0:0:
109,192,34645,1,0,0:0:0:0:
109,192,34808,1,0,0:0:0:0:
36,192,34808,1,0,0:0:0:0:
256,192,34808,1,0,0:0:0:0:
329,192,34808,1,0,0:0:0:0:
402,192,34808,1,0,0:0:0:0:
109,192,34970,1,0,0:0:0:0:
182,192,35132,1,0,0:0:0:0:
109,192,35132,1,0,0:0:0:0:
36,192,35132,1,0,0:0:0:0:
256,192,35132,1,0,0:0:0:0:
329,192,35132,1,0,0:0:0:0:
402,192,35132,1,0,0:0:0:0:
109,192,35294,1,0,0:0:0:0:
109,192,35456,1,0,0:0:0:0:
36,192,35456,1,0,0:0:0:0:
256,192,35456,1,0,0:0:0:0:
329,192,35456,1,0,0:0:0:0:
402,192,35456,1,0,0:0:0:0:
182,192,35618,1,0,0:0:0:0:
109,192,35618,1,0,0:0:0:0:
109,192,35781,1,0,0:0:0:0:
36,192,35781,1,0,0:0:0:0:
256,192,35781,1,0,0:0:0:0:
329,192,35781,1,0,0:0:0:0:
182,192,35943,1,0,0:0:0:0:
109,192,35943,1,0,0:0:0:0:
182,192,36024,1,0,0:0:0:0:
182,192,36105,1,0,0:0:0:0:
109,192,36105,1,0,0:0:0:0:
36,192,36105,1,0,0:0:0:0:
329,192,36105,1,0,0:0:0:0:
256,192,36105,1,0,0:0:0:0:
182,192,36267,1,0,0:0:0:0:
109,192,36267,1,0,0:0:0:0:
182,192,36429,1,0,0:0:0:0:
109,192,36429,1,0,0:0:0:0:
36,192,36429,1,0,0:0:0:0:
256,192,36429,1,0,0:0:0:0:
329,192,36429,1,0,0:0:0:0:
109,192,36591,1,0,0:0:0:0:
182,192,36753,1,0,0:0:0:0:
109,192,36753,1,0,0:0:0:0:
36,192,36753,1,0,0:0:0:0:
256,192,36753,1,0,0:0:0:0:
329,192,36753,1,0,0:0:0:0:
182,192,36916,1,0,0:0:0:0:
109,192,36916,1,0,0:0:0:0:
182,192,36997,1,0,0:0:0:0:
182,192,37078,1,0,0:0:0:0:
109,192,37078,1,0,0:0:0:0:
36,192,37078,1,0,0:0:0:0:
329,192,37078,1,0,0:0:0:0:
256,192,37078,1,0,0:0:0:0:
402,192,37078,1,0,0:0:0:0:
182,192,37159,1,0,0:0:0:0:
182,192,37240,1,0,0:0:0:0:
109,192,37240,1,0,0:0:0:0:
182,192,37321,1,0,0:0:0:0:
182,192,37402,1,0,0:0:0:0:
109,192,37402,1,0,0:0:0:0:
36,192,37402,1,0,0:0:0:0:
256,192,37402,1,0,0:0:0:0:
329,192,37402,1,0,0:0:0:0:
402,192,37402,1,0,0:0:0:0:
182,192,37483,1,0,0:0:0:0:
182,192,37564,1,0,0:0:0:0:
109,192,37564,1,0,0:0:0:0:
182,192,37645,1,0,0:0:0:0:
182,192,37726,1,0,0:0:0:0:
109,192,37726,1,0,0:0:0:0:
36,192,37726,1,0,0:0:0:0:
402,192,37726,1,0,0:0:0:0:
329,192,37726,1,0,0:0:0:0:
256,192,37726,1,0,0:0:0:0:
182,192,37808,1,0,0:0:0:0:
182,192,37889,1,0,0:0:0:0:
109,192,37889,1,0,0:0:0:0:
182,192,37970,1,0,0:0:0:0:
182,192,38051,1,0,0:0:0:0:
109,192,38051,1,0,0:0:0:0:
36,192,38051,1,0,0:0:0:0:
256,192,38051,1,0,0:0:0:0:
329,192,38051,1,0,0:0:0:0:
402,192,38051,1,0,0:0:0:0:
182,192,38132,1,0,0:0:0:0:
182,192,38213,1,0,0:0:0:0:
109,192,38213,1,0,0:0:0:0:
182,192,38294,1,0,0:0:0:0:
182,192,38375,1,0,0:0:0:0:
109,192,38375,1,0,0:0:0:0:
36,192,38375,1,0,0:0:0:0:
329,192,38375,1,0,0:0:0:0:
256,192,38375,1,0,0:0:0:0:
109,192,38537,1,0,0:0:0:0:
182,192,38699,1,0,0:0:0:0:
109,192,38699,1,0,0:0:0:0:
36,192,38699,1,0,0:0:0:0:
256,192,38699,1,0,0:0:0:0:
329,192,38699,1,0,0:0:0:0:
109,192,38862,1,0,0:0:0:0:
182,192,39024,1,0,0:0:0:0:
109,192,39024,1,0,0:0:0:0:
36,192,39024,1,0,0:0:0:0:
329,192,39024,1,0,0:0:0:0:
256,192,39024,1,0,0:0:0:0:
109,192,39186,1,0,0:0:0:0:
109,192,39267,1,0,0:0:0:0:
182,192,39348,1,0,0:0:0:0:
109,192,39348,1,0,0:0:0:0:
36,192,39348,1,0,0:0:0:0:
256,192,39348,1,0,0:0:0:0:
329,192,39348,1,0,0:0:0:0:
109,192,39429,1,0,0:0:0:0:
182,192,39510,1,0,0:0:0:0:
109,192,39510,1,0,0:0:0:0:
109,192,39591,1,0,0:0:0:0:
182,192,39672,1,0,0:0:0:0:
109,192,39672,1,0,0:0:0:0:
36,192,39672,1,0,0:0:0:0:
256,192,39672,1,0,0:0:0:0:
402,192,39672,1,0,0:0:0:0:
329,192,39672,1,0,0:0:0:0:
109,192,39835,1,0,0:0:0:0:
109,192,39997,1,0,0:0:0:0:
36,192,39997,1,0,0:0:0:0:
402,192,39997,1,0,0:0:0:0:
329,192,39997,1,0,0:0:0:0:
256,192,39997,1,0,0:0:0:0:
109,192,40159,1,0,0:0:0:0:
182,192,40321,1,0,0:0:0:0:
109,192,40321,1,0,0:0:0:0:
36,192,40321,1,0,0:0:0:0:
256,192,40321,1,0,0:0:0:0:
329,192,40321,1,0,0:0:0:0:
402,192,40321,1,0,0:0:0:0:
109,192,40483,1,0,0:0:0:0:
109,192,40645,1,0,0:0:0:0:
36,192,40645,1,0,0:0:0:0:
402,192,40645,1,0,0:0:0:0:
329,192,40645,1,0,0:0:0:0:
256,192,40645,1,0,0:0:0:0:
182,192,40808,1,0,0:0:0:0:
109,192,40808,1,0,0:0:0:0:
109,192,40970,1,0,0:0:0:0:
36,192,40970,1,0,0:0:0:0:
256,192,40970,1,0,0:0:0:0:
329,192,40970,1,0,0:0:0:0:
182,192,41132,1,0,0:0:0:0:
109,192,41132,1,0,0:0:0:0:
182,192,41294,1,0,0:0:0:0:
109,192,41294,1,0,0:0:0:0:
36,192,41294,1,0,0:0:0:0:
329,192,41294,1,0,0:0:0:0:
256,192,41294,1,0,0:0:0:0:
182,192,41456,1,0,0:0:0:0:
109,192,41456,1,0,0:0:0:0:
182,192,41618,1,0,0:0:0:0:
109,192,41618,1,0,0:0:0:0:
36,192,41618,1,0,0:0:0:0:
256,192,41618,1,0,0:0:0:0:
329,192,41618,1,0,0:0:0:0:
109,192,41781,1,0,0:0:0:0:
182,192,41943,1,0,0:0:0:0:
109,192,41943,1,0,0:0:0:0:
36,192,41943,1,0,0:0:0:0:
329,192,41943,1,0,0:0:0:0:
256,192,41943,1,0,0:0:0:0:
182,192,42105,1,0,0:0:0:0:
109,192,42105,1,0,0:0:0:0:
182,192,42186,1,0,0:0:0:0:
182,192,42267,1,0,0:0:0:0:
109,192,42267,1,0,0:0:0:0:
36,192,42267,1,0,0:0:0:0:
256,192,42267,1,0,0:0:0:0:
329,192,42267,1,0,0:0:0:0:
402,192,42267,1,0,0:0:0:0:
182,192,42348,1,0,0:0:0:0:
182,192,42429,1,0,0:0:0:0:
109,192,42429,1,0,0:0:0:0:
182,192,42510,1,0,0:0:0:0:
256,192,42510,1,0,0:0:0:0:
182,192,42591,1,0,0:0:0:0:
109,192,42591,1,0,0:0:0:0:
36,192,42591,1,0,0:0:0:0:
256,192,42591,1,0,0:0:0:0:
329,192,42591,1,0,0:0:0:0:
182,192,42672,1,0,0:0:0:0:
182,192,42753,1,0,0:0:0:0:
109,192,42753,1,0,0:0:0:0:
256,192,42753,1,0,0:0:0:0:
329,192,42753,1,0,0:0:0:0:
182,192,42835,1,0,0:0:0:0:
182,192,42916,1,0,0:0:0:0:
109,192,42916,1,0,0:0:0:0:
36,192,42916,1,0,0:0:0:0:
256,192,42916,1,0,0:0:0:0:
329,192,42916,1,0,0:0:0:0:
182,192,42997,1,0,0:0:0:0:
182,192,43078,1,0,0:0:0:0:
109,192,43078,1,0,0:0:0:0:
182,192,43159,1,0,0:0:0:0:
182,192,43240,1,0,0:0:0:0:
109,192,43240,1,0,0:0:0:0:
36,192,43240,1,0,0:0:0:0:
256,192,43240,1,0,0:0:0:0:
329,192,43240,1,0,0:0:0:0:
402,192,43240,1,0,0:0:0:0:
182,192,43321,1,0,0:0:0:0:
182,192,43402,1,0,0:0:0:0:
109,192,43402,1,0,0:0:0:0:
182,192,43483,1,0,0:0:0:0:
182,192,43564,1,0,0:0:0:0:
109,192,43564,1,0,0:0:0:0:
36,192,43564,1,0,0:0:0:0:
256,192,43564,1,0,0:0:0:0:
329,192,43564,1,0,0:0:0:0:
109,192,43726,1,0,0:0:0:0:
329,192,43726,1,0,0:0:0:0:
256,192,43726,1,0,0:0:0:0:
109,192,43889,1,0,0:0:0:0:
36,192,43889,1,0,0:0:0:0:
329,192,43889,1,0,0:0:0:0:
256,192,43889,1,0,0:0:0:0:
109,192,44051,1,0,0:0:0:0:
256,192,44051,1,0,0:0:0:0:
329,192,44051,1,0,0:0:0:0:
109,192,44213,1,0,0:0:0:0:
36,192,44213,1,0,0:0:0:0:
329,192,44213,1,0,0:0:0:0:
256,192,44213,1,0,0:0:0:0:
402,192,44213,1,0,0:0:0:0:
109,192,44375,1,0,0:0:0:0:
109,192,44456,1,0,0:0:0:0:
182,192,44537,1,0,0:0:0:0:
109,192,44537,1,0,0:0:0:0:
36,192,44537,1,0,0:0:0:0:
256,192,44537,1,0,0:0:0:0:
329,192,44537,1,0,0:0:0:0:
402,192,44537,1,0,0:0:0:0:
109,192,44618,1,0,0:0:0:0:
109,192,44699,1,0,0:0:0:0:
182,192,44699,1,0,0:0:0:0:
109,192,44781,1,0,0:0:0:0:
182,192,44862,1,0,0:0:0:0:
109,192,44862,1,0,0:0:0:0:
36,192,44862,1,0,0:0:0:0:
256,192,44862,1,0,0:0:0:0:
329,192,44862,1,0,0:0:0:0:
109,192,45024,1,0,0:0:0:0:
109,192,45186,1,0,0:0:0:0:
36,192,45186,1,0,0:0:0:0:
256,192,45186,1,0,0:0:0:0:
329,192,45186,1,0,0:0:0:0:
109,192,45348,1,0,0:0:0:0:
182,192,45510,1,0,0:0:0:0:
109,192,45510,1,0,0:0:0:0:
36,192,45510,1,0,0:0:0:0:
329,192,45510,1,0,0:0:0:0:
256,192,45510,1,0,0:0:0:0:
109,192,45672,1,0,0:0:0:0:
109,192,45835,1,0,0:0:0:0:
36,192,45835,1,0,0:0:0:0:
256,192,45835,1,0,0:0:0:0:
329,192,45835,1,0,0:0:0:0:
182,192,45997,1,0,0:0:0:0:
109,192,45997,1,0,0:0:0:0:
109,192,46159,1,0,0:0:0:0:
36,192,46159,1,0,0:0:0:0:
256,192,46159,1,0,0:0:0:0:
329,192,46159,1,0,0:0:0:0:
182,192,46321,1,0,0:0:0:0:
109,192,46321,1,0,0:0:0:0:
182,192,46483,1,0,0:0:0:0:
109,192,46483,1,0,0:0:0:0:
36,192,46483,1,0,0:0:0:0:
329,192,46483,1,0,0:0:0:0:
256,192,46483,1,0,0:0:0:0:
182,192,46645,1,0,0:0:0:0:
109,192,46645,1,0,0:0:0:0:
182,192,46808,1,0,0:0:0:0:
109,192,46808,1,0,0:0:0:0:
36,192,46808,1,0,0:0:0:0:
256,192,46808,1,0,0:0:0:0:
329,192,46808,1,0,0:0:0:0:
109,192,46970,1,0,0:0:0:0:
182,192,47132,1,0,0:0:0:0:
109,192,47132,1,0,0:0:0:0:
36,192,47132,1,0,0:0:0:0:
329,192,47132,1,0,0:0:0:0:
256,192,47132,1,0,0:0:0:0:
182,192,47294,1,0,0:0:0:0:
109,192,47294,1,0,0:0:0:0:
182,192,47456,1,0,0:0:0:0:
109,192,47456,1,0,0:0:0:0:
36,192,47456,1,0,0:0:0:0:
256,192,47456,1,0,0:0:0:0:
182,192,47537,1,0,0:0:0:0:
182,192,47618,1,0,0:0:0:0:
109,192,47618,1,0,0:0:0:0:
256,192,47618,1,0,0:0:0:0:
182,192,47699,1,0,0:0:0:0:
182,192,47781,1,0,0:0:0:0:
109,192,47781,1,0,0:0:0:0:
36,192,47781,1,0,0:0:0:0:
256,192,47781,1,0,0:0:0:0:
182,192,47862,1,0,0:0:0:0:
182,192,47943,1,0,0:0:0:0:
109,192,47943,1,0,0:0:0:0:
182,192,48024,1,0,0:0:0:0:
182,192,48105,1,0,0:0:0:0:
109,192,48105,1,0,0:0:0:0:
36,192,48105,1,0,0:0:0:0:
256,192,48105,1,0,0:0:0:0:
329,192,48105,1,0,0:0:0:0:
182,192,48186,1,0,0:0:0:0:
182,192,48267,1,0,0:0:0:0:
109,192,48267,1,0,0:0:0:0:
182,192,48348,1,0,0:0:0:0:
182,192,48429,1,0,0:0:0:0:
109,192,48429,1,0,0:0:0:0:
36,192,48429,1,0,0:0:0:0:
182,192,48510,1,0,0:0:0:0:
182,192,48591,1,0,0:0:0:0:
109,192,48591,1,0,0:0:0:0:
182,192,48672,1,0,0:0:0:0:
182,192,48753,1,0,0:0:0:0:
109,192,48753,1,0,0:0:0:0:
36,192,48753,1,0,0:0:0:0:
256,192,48753,1,0,0:0:0:0:
109,192,48916,1,0,0:0:0:0:
256,192,48916,1,0,0:0:0:0:
182,192,49078,1,0,0:0:0:0:
109,192,49078,1,0,0:0:0:0:
36,192,49078,1,0,0:0:0:0:
256,192,49078,1,0,0:0:0:0:
109,192,49240,1,0,0:0:0:0:
182,192,49402,1,0,0:0:0:0:
109,192,49402,1,0,0:0:0:0:
36,192,49402,1,0,0:0:0:0:
256,192,49402,1,0,0:0:0:0:
329,192,49402,1,0,0:0:0:0:
109,192,49564,1,0,0:0:0:0:
109,192,49645,1,0,0:0:0:0:
182,192,49726,1,0,0:0:0:0:
109,192,49726,1,0,0:0:0:0:
36,192,49726,1,0,0:0:0:0:
109,192,49808,1,0,0:0:0:0:
182,192,49889,1,0,0:0:0:0:
109,192,49889,1,0,0:0:0:0:
109,192,49970,1,0,0:0:0:0:
182,192,50051,1,0,0:0:0:0:
109,192,50051,1,0,0:0:0:0:
36,192,50051,1,0,0:0:0:0:
256,192,50051,1,0,0:0:0:0:
329,192,50051,1,0,0:0:0:0:
109,192,50132,1,0,0:0:0:0:
109,192,50213,1,0,0:0:0:0:
36,192,50213,1,0,0:0:0:0:
256,192,50213,1,0,0:0:0:0:
329,192,50213,1,0,0:0:0:0:
109,192,50294,1,0,0:0:0:0:
109,192,50375,1,0,0:0:0:0:
36,192,50375,1,0,0:0:0:0:
256,192,50375,1,0,0:0:0:0:
329,192,50375,1,0,0:0:0:0:
109,192,50456,1,0,0:0:0:0:
109,192,50537,1,0,0:0:0:0:
36,192,50537,1,0,0:0:0:0:
256,192,50537,1,0,0:0:0:0:
329,192,50537,1,0,0:0:0:0:
109,192,50618,1,0,0:0:0:0:
182,192,50699,1,0,0:0:0:0:
109,192,50699,1,0,0:0:0:0:
36,192,50699,1,0,0:0:0:0:
256,192,50699,1,0,0:0:0:0:
329,192,50699,1,0,0:0:0:0:
109,192,50781,1,0,0:0:0:0:
109,192,50862,1,0,0:0:0:0:
36,192,50862,1,0,0:0:0:0:
109,192,50943,1,0,0:0:0:0:
109,192,51024,1,0,0:0:0:0:
36,192,51024,1,0,0:0:0:0:
329,192,51024,1,0,0:0:0:0:
256,192,51024,1,0,0:0:0:0:
109,192,51105,1,0,0:0:0:0:
182,192,51186,1,0,0:0:0:0:
109,192,51186,1,0,0:0:0:0:
36,192,51186,1,0,0:0:0:0:
109,192,51267,1,0,0:0:0:0:
109,192,51348,1,0,0:0:0:0:
36,192,51348,1,0,0:0:0:0:
256,192,51348,1,0,0:0:0:0:
329,192,51348,1,0,0:0:0:0:
109,192,51429,1,0,0:0:0:0:
182,192,51510,1,0,0:0:0:0:
109,192,51510,1,0,0:0:0:0:
36,192,51510,1,0,0:0:0:0:
256,192,51510,1,0,0:0:0:0:
329,192,51510,1,0,0:0:0:0:
109,192,51591,1,0,0:0:0:0:
182,192,51672,1,0,0:0:0:0:
109,192,51672,1,0,0:0:0:0:
36,192,51672,1,0,0:0:0:0:
256,192,51672,1,0,0:0:0:0:
329,192,51672,1,0,0:0:0:0:
109,192,51753,1,0,0:0:0:0:
182,192,51835,1,0,0:0:0:0:
109,192,51835,1,0,0:0:0:0:
36,192,51835,1,0,0:0:0:0:
256,192,51835,1,0,0:0:0:0:
329,192,51835,1,0,0:0:0:0:
109,192,51916,1,0,0:0:0:0:
182,192,51997,1,0,0:0:0:0:
109,192,51997,1,0,0:0:0:0:
36,192,51997,1,0,0:0:0:0:
329,192,51997,1,0,0:0:0:0:
256,192,51997,1,0,0:0:0:0:
109,192,52078,1,0,0:0:0:0:
109,192,52159,1,0,0:0:0:0:
36,192,52159,1,0,0:0:0:0:
109,192,52240,1,0,0:0:0:0:
182,192,52321,1,0,0:0:0:0:
109,192,52321,1,0,0:0:0:0:
36,192,52321,1,0,0:0:0:0:
256,192,52321,1,0,0:0:0:0:
329,192,52321,1,0,0:0:0:0:
109,192,52402,1,0,0:0:0:0:
182,192,52483,1,0,0:0:0:0:
109,192,52483,1,0,0:0:0:0:
36,192,52483,1,0,0:0:0:0:
109,192,52564,1,0,0:0:0:0:
182,192,52645,1,0,0:0:0:0:
109,192,52645,1,0,0:0:0:0:
36,192,52645,1,0,0:0:0:0:
256,192,52645,1,0,0:0:0:0:
182,192,52726,1,0,0:0:0:0:
109,192,52726,1,0,0:0:0:0:
182,192,52808,1,0,0:0:0:0:
109,192,52808,1,0,0:0:0:0:
36,192,52808,1,0,0:0:0:0:
256,192,52808,1,0,0:0:0:0:
182,192,52889,1,0,0:0:0:0:
109,192,52889,1,0,0:0:0:0:
182,192,52970,1,0,0:0:0:0:
109,192,52970,1,0,0:0:0:0:
36,192,52970,1,0,0:0:0:0:
256,192,52970,1,0,0:0:0:0:
182,192,53051,1,0,0:0:0:0:
109,192,53051,1,0,0:0:0:0:
256,192,53051,1,0,0:0:0:0:
329,192,53051,1,0,0:0:0:0:
402,192,53051,1,0,0:0:0:0:
475,192,53051,1,0,0:0:0:0:
182,192,53132,1,0,0:0:0:0:
109,192,53132,1,0,0:0:0:0:
36,192,53132,1,0,0:0:0:0:
182,192,53213,1,0,0:0:0:0:
109,192,53213,1,0,0:0:0:0:
182,192,53294,1,0,0:0:0:0:
109,192,53294,1,0,0:0:0:0:
36,192,53294,1,0,0:0:0:0:
182,192,53375,1,0,0:0:0:0:
109,192,53375,1,0,0:0:0:0:
182,192,53456,1,0,0:0:0:0:
109,192,53456,1,0,0:0:0:0:
36,192,53456,1,0,0:0:0:0:
182,192,53537,1,0,0:0:0:0:
109,192,53537,1,0,0:0:0:0:
182,192,53618,1,0,0:0:0:0:
109,192,53618,1,0,0:0:0:0:
36,192,53618,1,0,0:0:0:0:
182,192,53699,1,0,0:0:0:0:
109,192,53699,1,0,0:0:0:0:
182,192,53781,1,0,0:0:0:0:
109,192,53781,1,0,0:0:0:0:
36,192,53781,1,0,0:0:0:0:
182,192,53862,1,0,0:0:0:0:
109,192,53862,1,0,0:0:0:0:
182,192,53943,1,0,0:0:0:0:
109,192,53943,1,0,0:0:0:0:
36,192,53943,1,0,0:0:0:0:
256,192,53943,1,0,0:0:0:0:
329,192,53943,1,0,0:0:0:0:
402,192,53943,1,0,0:0:0:0:
475,192,53943,1,0,0:0:0:0:
109,192,53983,1,0,0:0:0:0:
109,192,54024,1,0,0:0:0:0:
109,192,54064,1,0,0:0:0:0:
109,192,54105,1,0,0:0:0:0:
109,192,54145,1,0,0:0:0:0:
109,192,54186,1,0,0:0:0:0:
109,192,54226,1,0,0:0:0:0:
109,192,54267,1,0,0:0:0:0:
109,192,54308,1,0,0:0:0:0:
109,192,54348,1,0,0:0:0:0:
109,192,54389,1,0,0:0:0:0:
109,192,54429,1,0,0:0:0:0:
109,192,54470,1,0,0:0:0:0:
109,192,54510,1,0,0:0:0:0:
109,192,54551,1,0,0:0:0:0:
109,192,54591,1,0,0:0:0:0:
109,192,54753,1,0,0:0:0:0:
109,192,54916,1,0,0:0:0:0:
182,192,55240,1,0,0:0:0:0:
109,192,55240,1,0,0:0:0:0:
36,192,55240,1,0,0:0:0:0:
256,192,55240,1,0,0:0:0:0:
329,192,55240,1,0,0:0:0:0:
402,192,55240,1,0,0:0:0:0:
36,192,55321,1,0,0:0:0:0:
36,192,55402,1,0,0:0:0:0:
36,192,55483,1,0,0:0:0:0:
109,192,55564,1,0,0:0:0:0:
36,192,55564,1,0,0:0:0:0:
256,192,55564,1,0,0:0:0:0:
329,192,55564,1,0,0:0:0:0:
36,192,55645,1,0,0:0:0:0:
182,192,55726,1,0,0:0:0:0:
109,192,55726,1,0,0:0:0:0:
36,192,55726,1,0,0:0:0:0:
36,192,55808,1,0,0:0:0:0:
182,192,55889,1,0,0:0:0:0:
109,192,55889,1,0,0:0:0:0:
36,192,55889,1,0,0:0:0:0:
256,192,55889,1,0,0:0:0:0:
329,192,55889,1,0,0:0:0:0:
402,192,55889,1,0,0:0:0:0:
36,192,55970,1,0,0:0:0:0:
109,192,56051,1,0,0:0:0:0:
36,192,56051,1,0,0:0:0:0:
36,192,56132,1,0,0:0:0:0:
109,192,56213,1,0,0:0:0:0:
36,192,56213,1,0,0:0:0:0:
256,192,56213,1,0,0:0:0:0:
329,192,56213,1,0,0:0:0:0:
36,192,56294,1,0,0:0:0:0:
182,192,56375,1,0,0:0:0:0:
109,192,56375,1,0,0:0:0:0:
36,192,56375,1,0,0:0:0:0:
36,192,56456,1,0,0:0:0:0:
36,192,56537,1,0,0:0:0:0:
256,192,56537,1,0,0:0:0:0:
329,192,56537,1,0,0:0:0:0:
36,192,56618,1,0,0:0:0:0:
182,192,56699,1,0,0:0:0:0:
109,192,56699,1,0,0:0:0:0:
36,192,56699,1,0,0:0:0:0:
256,192,56699,1,0,0:0:0:0:
329,192,56699,1,0,0:0:0:0:
36,192,56781,1,0,0:0:0:0:
109,192,56862,1,0,0:0:0:0:
36,192,56862,1,0,0:0:0:0:
329,192,56862,1,0,0:0:0:0:
256,192,56862,1,0,0:0:0:0:
36,192,56943,1,0,0:0:0:0:
182,192,57024,1,0,0:0:0:0:
109,192,57024,1,0,0:0:0:0:
36,192,57024,1,0,0:0:0:0:
256,192,57024,1,0,0:0:0:0:
329,192,57024,1,0,0:0:0:0:
402,192,57024,1,0,0:0:0:0:
475,192,57024,1,0,0:0:0:0:
36,192,57105,1,0,0:0:0:0:
182,192,57186,1,0,0:0:0:0:
109,192,57186,1,0,0:0:0:0:
36,192,57186,1,0,0:0:0:0:
36,192,57267,1,0,0:0:0:0:
109,192,57348,1,0,0:0:0:0:
36,192,57348,1,0,0:0:0:0:
256,192,57348,1,0,0:0:0:0:
329,192,57348,1,0,0:0:0:0:
36,192,57429,1,0,0:0:0:0:
182,192,57510,1,0,0:0:0:0:
109,192,57510,1,0,0:0:0:0:
36,192,57510,1,0,0:0:0:0:
36,192,57591,1,0,0:0:0:0:
109,192,57672,1,0,0:0:0:0:
36,192,57672,1,0,0:0:0:0:
256,192,57672,1,0,0:0:0:0:
329,192,57672,1,0,0:0:0:0:
109,192,57753,1,0,0:0:0:0:
36,192,57753,1,0,0:0:0:0:
182,192,57835,1,0,0:0:0:0:
109,192,57835,1,0,0:0:0:0:
36,192,57835,1,0,0:0:0:0:
256,192,57835,1,0,0:0:0:0:
329,192,57835,1,0,0:0:0:0:
402,192,57835,1,0,0:0:0:0:
36,192,57916,1,0,0:0:0:0:
36,192,57997,1,0,0:0:0:0:
36,192,58078,1,0,0:0:0:0:
109,192,58159,1,0,0:0:0:0:
36,192,58159,1,0,0:0:0:0:
256,192,58159,1,0,0:0:0:0:
329,192,58159,1,0,0:0:0:0:
402,192,58159,1,0,0:0:0:0:
36,192,58240,1,0,0:0:0:0:
182,192,58321,1,0,0:0:0:0:
109,192,58321,1,0,0:0:0:0:
36,192,58321,1,0,0:0:0:0:
36,192,58402,1,0,0:0:0:0:
109,192,58483,1,0,0:0:0:0:
36,192,58483,1,0,0:0:0:0:
329,192,58483,1,0,0:0:0:0:
256,192,58483,1,0,0:0:0:0:
36,192,58564,1,0,0:0:0:0:
109,192,58645,1,0,0:0:0:0:
36,192,58645,1,0,0:0:0:0:
256,192,58645,1,0,0:0:0:0:
329,192,58645,1,0,0:0:0:0:
36,192,58726,1,0,0:0:0:0:
109,192,58808,1,0,0:0:0:0:
36,192,58808,1,0,0:0:0:0:
329,192,58808,1,0,0:0:0:0:
256,192,58808,1,0,0:0:0:0:
36,192,58889,1,0,0:0:0:0:
182,192,58970,1,0,0:0:0:0:
109,192,58970,1,0,0:0:0:0:
36,192,58970,1,0,0:0:0:0:
256,192,58970,1,0,0:0:0:0:
329,192,58970,1,0,0:0:0:0:
36,192,59051,1,0,0:0:0:0:
36,192,59132,1,0,0:0:0:0:
36,192,59213,1,0,0:0:0:0:
182,192,59294,1,0,0:0:0:0:
109,192,59294,1,0,0:0:0:0:
36,192,59294,1,0,0:0:0:0:
36,192,59375,1,0,0:0:0:0:
109,192,59456,1,0,0:0:0:0:
36,192,59456,1,0,0:0:0:0:
36,192,59537,1,0,0:0:0:0:
182,192,59618,1,0,0:0:0:0:
109,192,59618,1,0,0:0:0:0:
36,192,59618,1,0,0:0:0:0:
36,192,59699,1,0,0:0:0:0:
182,192,59781,1,0,0:0:0:0:
109,192,59781,1,0,0:0:0:0:
36,192,59781,1,0,0:0:0:0:
36,192,59862,1,0,0:0:0:0:
109,192,59943,1,0,0:0:0:0:
36,192,59943,1,0,0:0:0:0:
36,192,60024,1,0,0:0:0:0:
109,192,60105,1,0,0:0:0:0:
36,192,60105,1,0,0:0:0:0:
36,192,60186,1,0,0:0:0:0:
109,192,60267,1,0,0:0:0:0:
36,192,60267,1,0,0:0:0:0:
109,192,60348,1,0,0:0:0:0:
36,192,60348,1,0,0:0:0:0:
182,192,60429,1,0,0:0:0:0:
109,192,60429,1,0,0:0:0:0:
36,192,60429,1,0,0:0:0:0:
256,192,60429,1,0,0:0:0:0:
329,192,60429,1,0,0:0:0:0:
36,192,60510,1,0,0:0:0:0:
36,192,60591,1,0,0:0:0:0:
36,192,60672,1,0,0:0:0:0:
109,192,60753,1,0,0:0:0:0:
36,192,60753,1,0,0:0:0:0:
256,192,60753,1,0,0:0:0:0:
329,192,60753,1,0,0:0:0:0:
36,192,60835,1,0,0:0:0:0:
182,192,60916,1,0,0:0:0:0:
109,192,60916,1,0,0:0:0:0:
36,192,60916,1,0,0:0:0:0:
36,192,60997,1,0,0:0:0:0:
182,192,61078,1,0,0:0:0:0:
109,192,61078,1,0,0:0:0:0:
36,192,61078,1,0,0:0:0:0:
329,192,61078,1,0,0:0:0:0:
256,192,61078,1,0,0:0:0:0:
36,192,61159,1,0,0:0:0:0:
109,192,61240,1,0,0:0:0:0:
36,192,61240,1,0,0:0:0:0:
36,192,61321,1,0,0:0:0:0:
109,192,61402,1,0,0:0:0:0:
36,192,61402,1,0,0:0:0:0:
329,192,61402,1,0,0:0:0:0:
256,192,61402,1,0,0:0:0:0:
36,192,61483,1,0,0:0:0:0:
182,192,61564,1,0,0:0:0:0:
109,192,61564,1,0,0:0:0:0:
36,192,61564,1,0,0:0:0:0:
256,192,61564,1,0,0:0:0:0:
329,192,61564,1,0,0:0:0:0:
36,192,61645,1,0,0:0:0:0:
36,192,61726,1,0,0:0:0:0:
36,192,61808,1,0,0:0:0:0:
182,192,61889,1,0,0:0:0:0:
109,192,61889,1,0,0:0:0:0:
36,192,61889,1,0,0:0:0:0:
329,192,61889,1,0,0:0:0:0:
256,192,61889,1,0,0:0:0:0:
36,192,61970,1,0,0:0:0:0:
109,192,62051,1,0,0:0:0:0:
36,192,62051,1,0,0:0:0:0:
256,192,62051,1,0,0:0:0:0:
329,192,62051,1,0,0:0:0:0:
36,192,62132,1,0,0:0:0:0:
182,192,62213,1,0,0:0:0:0:
109,192,62213,1,0,0:0:0:0:
36,192,62213,1,0,0:0:0:0:
329,192,62213,1,0,0:0:0:0:
256,192,62213,1,0,0:0:0:0:
36,192,62294,1,0,0:0:0:0:
182,192,62375,1,0,0:0:0:0:
109,192,62375,1,0,0:0:0:0:
36,192,62375,1,0,0:0:0:0:
36,192,62456,1,0,0:0:0:0:
109,192,62537,1,0,0:0:0:0:
36,192,62537,1,0,0:0:0:0:
256,192,62537,1,0,0:0:0:0:
329,192,62537,1,0,0:0:0:0:
36,192,62618,1,0,0:0:0:0:
182,192,62699,1,0,0:0:0:0:
109,192,62699,1,0,0:0:0:0:
36,192,62699,1,0,0:0:0:0:
329,192,62699,1,0,0:0:0:0:
256,192,62699,1,0,0:0:0:0:
36,192,62781,1,0,0:0:0:0:
109,192,62862,1,0,0:0:0:0:
36,192,62862,1,0,0:0:0:0:
256,192,62862,1,0,0:0:0:0:
329,192,62862,1,0,0:0:0:0:
109,192,62943,1,0,0:0:0:0:
36,192,62943,1,0,0:0:0:0:
182,192,63024,1,0,0:0:0:0:
109,192,63024,1,0,0:0:0:0:
36,192,63024,1,0,0:0:0:0:
256,192,63024,1,0,0:0:0:0:
329,192,63024,1,0,0:0:0:0:
36,192,63105,1,0,0:0:0:0:
36,192,63186,1,0,0:0:0:0:
36,192,63267,1,0,0:0:0:0:
109,192,63348,1,0,0:0:0:0:
36,192,63348,1,0,0:0:0:0:
329,192,63348,1,0,0:0:0:0:
256,192,63348,1,0,0:0:0:0:
36,192,63429,1,0,0:0:0:0:
182,192,63510,1,0,0:0:0:0:
109,192,63510,1,0,0:0:0:0:
36,192,63510,1,0,0:0:0:0:
36,192,63591,1,0,0:0:0:0:
182,192,63672,1,0,0:0:0:0:
109,192,63672,1,0,0:0:0:0:
36,192,63672,1,0,0:0:0:0:
256,192,63672,1,0,0:0:0:0:
329,192,63672,1,0,0:0:0:0:
36,192,63753,1,0,0:0:0:0:
109,192,63835,1,0,0:0:0:0:
36,192,63835,1,0,0:0:0:0:
329,192,63835,1,0,0:0:0:0:
256,192,63835,1,0,0:0:0:0:
36,192,63916,1,0,0:0:0:0:
109,192,63997,1,0,0:0:0:0:
36,192,63997,1,0,0:0:0:0:
256,192,63997,1,0,0:0:0:0:
329,192,63997,1,0,0:0:0:0:
36,192,64078,1,0,0:0:0:0:
182,192,64159,1,0,0:0:0:0:
109,192,64159,1,0,0:0:0:0:
36,192,64159,1,0,0:0:0:0:
329,192,64159,1,0,0:0:0:0:
256,192,64159,1,0,0:0:0:0:
36,192,64240,1,0,0:0:0:0:
36,192,64321,1,0,0:0:0:0:
182,192,64483,1,0,0:0:0:0:
36,192,64483,1,0,0:0:0:0:
36,192,64808,1,0,0:0:0:0:
182,192,64970,1,0,0:0:0:0:
109,192,64970,1,0,0:0:0:0:
36,192,64970,1,0,0:0:0:0:
182,192,65132,1,0,0:0:0:0:
109,192,65132,1,0,0:0:0:0:
36,192,65132,1,0,0:0:0:0:
182,192,65294,1,0,0:0:0:0:
109,192,65294,1,0,0:0:0:0:
36,192,65294,1,0,0:0:0:0:
182,192,65456,1,0,0:0:0:0:
109,192,65456,1,0,0:0:0:0:
36,192,65456,1,0,0:0:0:0:
109,192,65537,1,0,0:0:0:0:
182,192,65618,1,0,0:0:0:0:
109,192,65618,1,0,0:0:0:0:
36,192,65618,1,0,0:0:0:0:
256,192,65618,1,0,0:0:0:0:
329,192,65618,1,0,0:0:0:0:
36,192,65699,1,0,0:0:0:0:
109,192,65781,1,0,0:0:0:0:
36,192,65781,1,0,0:0:0:0:
256,192,65781,1,0,0:0:0:0:
329,192,65781,1,0,0:0:0:0:
36,192,65862,1,0,0:0:0:0:
182,192,65943,1,0,0:0:0:0:
109,192,65943,1,0,0:0:0:0:
36,192,65943,1,0,0:0:0:0:
329,192,65943,1,0,0:0:0:0:
256,192,65943,1,0,0:0:0:0:
36,192,66024,1,0,0:0:0:0:
109,192,66105,1,0,0:0:0:0:
36,192,66105,1,0,0:0:0:0:
36,192,66186,1,0,0:0:0:0:
182,192,66267,1,0,0:0:0:0:
109,192,66267,1,0,0:0:0:0:
36,192,66267,1,0,0:0:0:0:
256,192,66267,1,0,0:0:0:0:
329,192,66267,1,0,0:0:0:0:
36,192,66348,1,0,0:0:0:0:
109,192,66429,1,0,0:0:0:0:
36,192,66429,1,0,0:0:0:0:
329,192,66429,1,0,0:0:0:0:
256,192,66429,1,0,0:0:0:0:
36,192,66510,1,0,0:0:0:0:
182,192,66591,1,0,0:0:0:0:
109,192,66591,1,0,0:0:0:0:
36,192,66591,1,0,0:0:0:0:
256,192,66591,1,0,0:0:0:0:
329,192,66591,1,0,0:0:0:0:
36,192,66672,1,0,0:0:0:0:
109,192,66753,1,0,0:0:0:0:
36,192,66753,1,0,0:0:0:0:
256,192,66753,1,0,0:0:0:0:
329,192,66753,1,0,0:0:0:0:
36,192,66835,1,0,0:0:0:0:
182,192,66916,1,0,0:0:0:0:
109,192,66916,1,0,0:0:0:0:
36,192,66916,1,0,0:0:0:0:
36,192,66997,1,0,0:0:0:0:
109,192,67078,1,0,0:0:0:0:
36,192,67078,1,0,0:0:0:0:
256,192,67078,1,0,0:0:0:0:
329,192,67078,1,0,0:0:0:0:
36,192,67159,1,0,0:0:0:0:
182,192,67240,1,0,0:0:0:0:
109,192,67240,1,0,0:0:0:0:
36,192,67240,1,0,0:0:0:0:
329,192,67240,1,0,0:0:0:0:
256,192,67240,1,0,0:0:0:0:
36,192,67321,1,0,0:0:0:0:
109,192,67402,1,0,0:0:0:0:
36,192,67402,1,0,0:0:0:0:
256,192,67402,1,0,0:0:0:0:
329,192,67402,1,0,0:0:0:0:
36,192,67483,1,0,0:0:0:0:
182,192,67564,1,0,0:0:0:0:
109,192,67564,1,0,0:0:0:0:
36,192,67564,1,0,0:0:0:0:
36,192,67645,1,0,0:0:0:0:
109,192,67726,1,0,0:0:0:0:
36,192,67726,1,0,0:0:0:0:
256,192,67726,1,0,0:0:0:0:
329,192,67726,1,0,0:0:0:0:
36,192,67808,1,0,0:0:0:0:
182,192,67889,1,0,0:0:0:0:
109,192,67889,1,0,0:0:0:0:
36,192,67889,1,0,0:0:0:0:
36,192,67970,1,0,0:0:0:0:
109,192,68051,1,0,0:0:0:0:
36,192,68051,1,0,0:0:0:0:
329,192,68051,1,0,0:0:0:0:
256,192,68051,1,0,0:0:0:0:
36,192,68132,1,0,0:0:0:0:
182,192,68213,1,0,0:0:0:0:
109,192,68213,1,0,0:0:0:0:
36,192,68213,1,0,0:0:0:0:
256,192,68213,1,0,0:0:0:0:
329,192,68213,1,0,0:0:0:0:
402,192,68213,1,0,0:0:0:0:
36,192,68294,1,0,0:0:0:0:
109,192,68375,1,0,0:0:0:0:
36,192,68375,1,0,0:0:0:0:
36,192,68456,1,0,0:0:0:0:
182,192,68537,1,0,0:0:0:0:
109,192,68537,1,0,0:0:0:0:
36,192,68537,1,0,0:0:0:0:
256,192,68537,1,0,0:0:0:0:
329,192,68537,1,0,0:0:0:0:
402,192,68537,1,0,0:0:0:0:
36,192,68618,1,0,0:0:0:0:
109,192,68699,1,0,0:0:0:0:
36,192,68699,1,0,0:0:0:0:
36,192,68781,1,0,0:0:0:0:
182,192,68862,1,0,0:0:0:0:
109,192,68862,1,0,0:0:0:0:
36,192,68862,1,0,0:0:0:0:
256,192,68862,1,0,0:0:0:0:
329,192,68862,1,0,0:0:0:0:
36,192,68943,1,0,0:0:0:0:
109,192,69024,1,0,0:0:0:0:
36,192,69024,1,0,0:0:0:0:
329,192,69024,1,0,0:0:0:0:
256,192,69024,1,0,0:0:0:0:
36,192,69105,1,0,0:0:0:0:
182,192,69186,1,0,0:0:0:0:
109,192,69186,1,0,0:0:0:0:
36,192,69186,1,0,0:0:0:0:
256,192,69186,1,0,0:0:0:0:
329,192,69186,1,0,0:0:0:0:
36,192,69267,1,0,0:0:0:0:
109,192,69348,1,0,0:0:0:0:
36,192,69348,1,0,0:0:0:0:
329,192,69348,1,0,0:0:0:0:
256,192,69348,1,0,0:0:0:0:
36,192,69429,1,0,0:0:0:0:
182,192,69510,1,0,0:0:0:0:
109,192,69510,1,0,0:0:0:0:
36,192,69510,1,0,0:0:0:0:
36,192,69591,1,0,0:0:0:0:
109,192,69672,1,0,0:0:0:0:
36,192,69672,1,0,0:0:0:0:
36,192,69753,1,0,0:0:0:0:
182,192,69835,1,0,0:0:0:0:
109,192,69835,1,0,0:0:0:0:
36,192,69835,1,0,0:0:0:0:
36,192,69916,1,0,0:0:0:0:
109,192,69997,1,0,0:0:0:0:
36,192,69997,1,0,0:0:0:0:
36,192,70078,1,0,0:0:0:0:
182,192,70159,1,0,0:0:0:0:
109,192,70159,1,0,0:0:0:0:
36,192,70159,1,0,0:0:0:0:
36,192,70240,1,0,0:0:0:0:
109,192,70321,1,0,0:0:0:0:
36,192,70321,1,0,0:0:0:0:
36,192,70402,1,0,0:0:0:0:
182,192,70483,1,0,0:0:0:0:
109,192,70483,1,0,0:0:0:0:
36,192,70483,1,0,0:0:0:0:
256,192,70483,1,0,0:0:0:0:
329,192,70483,1,0,0:0:0:0:
36,192,70564,1,0,0:0:0:0:
109,192,70645,1,0,0:0:0:0:
36,192,70645,1,0,0:0:0:0:
256,192,70645,1,0,0:0:0:0:
329,192,70645,1,0,0:0:0:0:
36,192,70726,1,0,0:0:0:0:
182,192,70808,1,0,0:0:0:0:
109,192,70808,1,0,0:0:0:0:
36,192,70808,1,0,0:0:0:0:
256,192,70808,1,0,0:0:0:0:
329,192,70808,1,0,0:0:0:0:
402,192,70808,1,0,0:0:0:0:
36,192,70889,1,0,0:0:0:0:
109,192,70970,1,0,0:0:0:0:
36,192,70970,1,0,0:0:0:0:
36,192,71051,1,0,0:0:0:0:
182,192,71132,1,0,0:0:0:0:
109,192,71132,1,0,0:0:0:0:
36,192,71132,1,0,0:0:0:0:
36,192,71213,1,0,0:0:0:0:
109,192,71294,1,0,0:0:0:0:
36,192,71294,1,0,0:0:0:0:
36,192,71375,1,0,0:0:0:0:
182,192,71456,1,0,0:0:0:0:
109,192,71456,1,0,0:0:0:0:
36,192,71456,1,0,0:0:0:0:
256,192,71456,1,0,0:0:0:0:
329,192,71456,1,0,0:0:0:0:
402,192,71456,1,0,0:0:0:0:
36,192,71537,1,0,0:0:0:0:
109,192,71618,1,0,0:0:0:0:
36,192,71618,1,0,0:0:0:0:
36,192,71699,1,0,0:0:0:0:
182,192,71781,1,0,0:0:0:0:
109,192,71781,1,0,0:0:0:0:
36,192,71781,1,0,0:0:0:0:
256,192,71781,1,0,0:0:0:0:
329,192,71781,1,0,0:0:0:0:
402,192,71781,1,0,0:0:0:0:
36,192,71862,1,0,0:0:0:0:
109,192,71943,1,0,0:0:0:0:
36,192,71943,1,0,0:0:0:0:
36,192,72024,1,0,0:0:0:0:
182,192,72105,1,0,0:0:0:0:
109,192,72105,1,0,0:0:0:0:
36,192,72105,1,0,0:0:0:0:
256,192,72105,1,0,0:0:0:0:
329,192,72105,1,0,0:0:0:0:
36,192,72186,1,0,0:0:0:0:
109,192,72267,1,0,0:0:0:0:
36,192,72267,1,0,0:0:0:0:
36,192,72348,1,0,0:0:0:0:
182,192,72429,1,0,0:0:0:0:
109,192,72429,1,0,0:0:0:0:
36,192,72429,1,0,0:0:0:0:
36,192,72510,1,0,0:0:0:0:
109,192,72591,1,0,0:0:0:0:
36,192,72591,1,0,0:0:0:0:
256,192,72591,1,0,0:0:0:0:
329,192,72591,1,0,0:0:0:0:
402,192,72591,1,0,0:0:0:0:
36,192,72672,1,0,0:0:0:0:
182,192,72753,1,0,0:0:0:0:
109,192,72753,1,0,0:0:0:0:
36,192,72753,1,0,0:0:0:0:
402,192,72753,1,0,0:0:0:0:
329,192,72753,1,0,0:0:0:0:
256,192,72753,1,0,0:0:0:0:
36,192,72835,1,0,0:0:0:0:
109,192,72916,1,0,0:0:0:0:
36,192,72916,1,0,0:0:0:0:
36,192,72997,1,0,0:0:0:0:
182,192,73078,1,0,0:0:0:0:
109,192,73078,1,0,0:0:0:0:
36,192,73078,1,0,0:0:0:0:
256,192,73078,1,0,0:0:0:0:
329,192,73078,1,0,0:0:0:0:
36,192,73159,1,0,0:0:0:0:
109,192,73240,1,0,0:0:0:0:
36,192,73240,1,0,0:0:0:0:
256,192,73240,1,0,0:0:0:0:
329,192,73240,1,0,0:0:0:0:
36,192,73321,1,0,0:0:0:0:
182,192,73402,1,0,0:0:0:0:
109,192,73402,1,0,0:0:0:0:
36,192,73402,1,0,0:0:0:0:
329,192,73402,1,0,0:0:0:0:
256,192,73402,1,0,0:0:0:0:
36,192,73483,1,0,0:0:0:0:
109,192,73564,1,0,0:0:0:0:
36,192,73564,1,0,0:0:0:0:
36,192,73645,1,0,0:0:0:0:
182,192,73726,1,0,0:0:0:0:
109,192,73726,1,0,0:0:0:0:
36,192,73726,1,0,0:0:0:0:
36,192,73808,1,0,0:0:0:0:
109,192,73889,1,0,0:0:0:0:
36,192,73889,1,0,0:0:0:0:
36,192,73970,1,0,0:0:0:0:
182,192,74051,1,0,0:0:0:0:
109,192,74051,1,0,0:0:0:0:
36,192,74051,1,0,0:0:0:0:
256,192,74051,1,0,0:0:0:0:
329,192,74051,1,0,0:0:0:0:
36,192,74132,1,0,0:0:0:0:
109,192,74213,1,0,0:0:0:0:
36,192,74213,1,0,0:0:0:0:
36,192,74294,1,0,0:0:0:0:
182,192,74375,1,0,0:0:0:0:
109,192,74375,1,0,0:0:0:0:
36,192,74375,1,0,0:0:0:0:
329,192,74375,1,0,0:0:0:0:
256,192,74375,1,0,0:0:0:0:
36,192,74456,1,0,0:0:0:0:
109,192,74537,1,0,0:0:0:0:
36,192,74537,1,0,0:0:0:0:
36,192,74618,1,0,0:0:0:0:
182,192,74699,1,0,0:0:0:0:
109,192,74699,1,0,0:0:0:0:
36,192,74699,1,0,0:0:0:0:
329,192,74699,1,0,0:0:0:0:
256,192,74699,1,0,0:0:0:0:
36,192,74781,1,0,0:0:0:0:
182,192,74862,1,0,0:0:0:0:
109,192,74862,1,0,0:0:0:0:
36,192,74862,1,0,0:0:0:0:
36,192,74943,1,0,0:0:0:0:
182,192,75024,1,0,0:0:0:0:
109,192,75024,1,0,0:0:0:0:
36,192,75024,1,0,0:0:0:0:
256,192,75024,1,0,0:0:0:0:
329,192,75024,1,0,0:0:0:0:
402,192,75024,1,0,0:0:0:0:
36,192,75105,1,0,0:0:0:0:
182,192,75186,1,0,0:0:0:0:
109,192,75186,1,0,0:0:0:0:
36,192,75186,1,0,0:0:0:0:
109,192,75267,1,0,0:0:0:0:
36,192,75267,1,0,0:0:0:0:
182,192,75348,1,0,0:0:0:0:
109,192,75348,1,0,0:0:0:0:
36,192,75348,1,0,0:0:0:0:
256,192,75348,1,0,0:0:0:0:
329,192,75348,1,0,0:0:0:0:
402,192,75348,1,0,0:0:0:0:
475,192,75348,1,0,0:0:0:0:
109,192,75429,1,0,0:0:0:0:
36,192,75429,1,0,0:0:0:0:
109,192,75510,1,0,0:0:0:0:
36,192,75510,1,0,0:0:0:0:
109,192,75591,1,0,0:0:0:0:
36,192,75591,1,0,0:0:0:0:
109,192,75672,1,0,0:0:0:0:
36,192,75672,1,0,0:0:0:0:
109,192,75753,1,0,0:0:0:0:
36,192,75753,1,0,0:0:0:0:
109,192,75835,1,0,0:0:0:0:
36,192,75835,1,0,0:0:0:0:
109,192,75916,1,0,0:0:0:0:
36,192,75916,1,0,0:0:0:0:
182,192,75997,1,0,0:0:0:0:
109,192,75997,1,0,0:0:0:0:
36,192,75997,1,0,0:0:0:0:
256,192,75997,1,0,0:0:0:0:
329,192,75997,1,0,0:0:0:0:
402,192,75997,1,0,0:0:0:0:
182,192,76321,1,0,0:0:0:0:
36,192,76321,1,0,0:0:0:0:
329,192,76321,1,0,0:0:0:0:
256,192,76321,1,0,0:0:0:0:
109,192,76483,1,0,0:0:0:0:
182,192,76645,1,0,0:0:0:0:
109,192,76645,1,0,0:0:0:0:
36,192,76645,1,0,0:0:0:0:
256,192,76645,1,0,0:0:0:0:
329,192,76645,1,0,0:0:0:0:
402,192,76645,1,0,0:0:0:0:
182,192,76970,1,0,0:0:0:0:
109,192,76970,1,0,0:0:0:0:
36,192,76970,1,0,0:0:0:0:
329,192,76970,1,0,0:0:0:0:
256,192,76970,1,0,0:0:0:0:
182,192,77294,1,0,0:0:0:0:
109,192,77294,1,0,0:0:0:0:
36,192,77294,1,0,0:0:0:0:
256,192,77294,1,0,0:0:0:0:
329,192,77294,1,0,0:0:0:0:
402,192,77294,1,0,0:0:0:0:
182,192,77456,1,0,0:0:0:0:
36,192,77456,1,0,0:0:0:0:
256,192,77456,1,0,0:0:0:0:
329,192,77456,1,0,0:0:0:0:
182,192,77618,1,0,0:0:0:0:
36,192,77618,1,0,0:0:0:0:
256,192,77618,1,0,0:0:0:0:
329,192,77618,1,0,0:0:0:0:
182,192,77781,1,0,0:0:0:0:
109,192,77781,1,0,0:0:0:0:
36,192,77781,1,0,0:0:0:0:
256,192,77781,1,0,0:0:0:0:
329,192,77781,1,0,0:0:0:0:
182,192,77943,1,0,0:0:0:0:
109,192,77943,1,0,0:0:0:0:
36,192,77943,1,0,0:0:0:0:
256,192,77943,1,0,0:0:0:0:
329,192,77943,1,0,0:0:0:0:
402,192,77943,1,0,0:0:0:0:
36,192,78105,1,0,0:0:0:0:
182,192,78267,1,0,0:0:0:0:
109,192,78267,1,0,0:0:0:0:
36,192,78267,1,0,0:0:0:0:
256,192,78267,1,0,0:0:0:0:
329,192,78267,1,0,0:0:0:0:
402,192,78267,1,0,0:0:0:0:
36,192,78429,1,0,0:0:0:0:
182,192,78591,1,0,0:0:0:0:
109,192,78591,1,0,0:0:0:0:
36,192,78591,1,0,0:0:0:0:
256,192,78591,1,0,0:0:0:0:
329,192,78591,1,0,0:0:0:0:
109,192,78753,1,0,0:0:0:0:
36,192,78753,1,0,0:0:0:0:
182,192,78916,1,0,0:0:0:0:
109,192,78916,1,0,0:0:0:0:
36,192,78916,1,0,0:0:0:0:
256,192,78916,1,0,0:0:0:0:
329,192,78916,1,0,0:0:0:0:
109,192,79078,1,0,0:0:0:0:
36,192,79078,1,0,0:0:0:0:
182,192,79240,1,0,0:0:0:0:
109,192,79240,1,0,0:0:0:0:
36,192,79240,1,0,0:0:0:0:
329,192,79240,1,0,0:0:0:0:
256,192,79240,1,0,0:0:0:0:
109,192,79402,1,0,0:0:0:0:
36,192,79402,1,0,0:0:0:0:
182,192,79564,1,0,0:0:0:0:
109,192,79564,1,0,0:0:0:0:
36,192,79564,1,0,0:0:0:0:
256,192,79564,1,0,0:0:0:0:
329,192,79564,1,0,0:0:0:0:
109,192,79726,1,0,0:0:0:0:
36,192,79726,1,0,0:0:0:0:
182,192,79889,1,0,0:0:0:0:
109,192,79889,1,0,0:0:0:0:
36,192,79889,1,0,0:0:0:0:
256,192,79889,1,0,0:0:0:0:
329,192,79889,1,0,0:0:0:0:
109,192,80051,1,0,0:0:0:0:
36,192,80051,1,0,0:0:0:0:
329,192,80051,1,0,0:0:0:0:
256,192,80051,1,0,0:0:0:0:
182,192,80213,1,0,0:0:0:0:
109,192,80213,1,0,0:0:0:0:
36,192,80213,1,0,0:0:0:0:
256,192,80213,1,0,0:0:0:0:
329,192,80213,1,0,0:0:0:0:
109,192,80375,1,0,0:0:0:0:
36,192,80375,1,0,0:0:0:0:
329,192,80375,1,0,0:0:0:0:
256,192,80375,1,0,0:0:0:0:
182,192,80537,1,0,0:0:0:0:
109,192,80537,1,0,0:0:0:0:
36,192,80537,1,0,0:0:0:0:
256,192,80537,1,0,0:0:0:0:
329,192,80537,1,0,0:0:0:0:
402,192,80537,1,0,0:0:0:0:
475,192,80537,1,0,0:0:0:0:
109,192,80699,1,0,0:0:0:0:
36,192,80699,1,0,0:0:0:0:
109,192,80781,1,0,0:0:0:0:
182,192,80862,1,0,0:0:0:0:
109,192,80862,1,0,0:0:0:0:
36,192,80862,1,0,0:0:0:0:
256,192,80862,1,0,0:0:0:0:
329,192,80862,1,0,0:0:0:0:
402,192,80862,1,0,0:0:0:0:
475,192,80862,1,0,0:0:0:0:
109,192,80943,1,0,0:0:0:0:
109,192,81024,1,0,0:0:0:0:
36,192,81024,1,0,0:0:0:0:
109,192,81105,1,0,0:0:0:0:
182,192,81186,1,0,0:0:0:0:
109,192,81186,1,0,0:0:0:0:
36,192,81186,1,0,0:0:0:0:
256,192,81186,1,0,0:0:0:0:
329,192,81186,1,0,0:0:0:0:
36,192,81510,1,0,0:0:0:0:
256,192,81510,1,0,0:0:0:0:
329,192,81510,1,0,0:0:0:0:
182,192,81672,1,0,0:0:0:0:
109,192,81672,1,0,0:0:0:0:
182,192,81835,1,0,0:0:0:0:
109,192,81835,1,0,0:0:0:0:
36,192,81835,1,0,0:0:0:0:
329,192,81835,1,0,0:0:0:0:
256,192,81835,1,0,0:0:0:0:
109,192,82159,1,0,0:0:0:0:
36,192,82159,1,0,0:0:0:0:
256,192,82159,1,0,0:0:0:0:
329,192,82159,1,0,0:0:0:0:
182,192,82321,1,0,0:0:0:0:
109,192,82483,1,0,0:0:0:0:
36,192,82483,1,0,0:0:0:0:
256,192,82483,1,0,0:0:0:0:
329,192,82483,1,0,0:0:0:0:
182,192,82645,1,0,0:0:0:0:
109,192,82645,1,0,0:0:0:0:
329,192,82645,1,0,0:0:0:0:
256,192,82645,1,0,0:0:0:0:
36,192,82726,1,0,0:0:0:0:
329,192,82726,1,0,0:0:0:0:
256,192,82726,1,0,0:0:0:0:
109,192,82808,1,0,0:0:0:0:
182,192,82970,1,0,0:0:0:0:
109,192,82970,1,0,0:0:0:0:
36,192,82970,1,0,0:0:0:0:
329,192,82970,1,0,0:0:0:0:
256,192,82970,1,0,0:0:0:0:
182,192,83132,1,0,0:0:0:0:
36,192,83132,1,0,0:0:0:0:
256,192,83132,1,0,0:0:0:0:
329,192,83132,1,0,0:0:0:0:
402,192,83132,1,0,0:0:0:0:
36,192,83294,1,0,0:0:0:0:
256,192,83294,1,0,0:0:0:0:
329,192,83294,1,0,0:0:0:0:
402,192,83294,1,0,0:0:0:0:
182,192,83456,1,0,0:0:0:0:
109,192,83456,1,0,0:0:0:0:
36,192,83456,1,0,0:0:0:0:
109,192,83618,1,0,0:0:0:0:
36,192,83618,1,0,0:0:0:0:
109,192,83781,1,0,0:0:0:0:
36,192,83781,1,0,0:0:0:0:
256,192,83781,1,0,0:0:0:0:
329,192,83781,1,0,0:0:0:0:
109,192,83862,1,0,0:0:0:0:
109,192,83943,1,0,0:0:0:0:
36,192,83943,1,0,0:0:0:0:
109,192,84024,1,0,0:0:0:0:
109,192,84105,1,0,0:0:0:0:
36,192,84105,1,0,0:0:0:0:
329,192,84105,1,0,0:0:0:0:
256,192,84105,1,0,0:0:0:0:
109,192,84186,1,0,0:0:0:0:
109,192,84267,1,0,0:0:0:0:
36,192,84267,1,0,0:0:0:0:
109,192,84348,1,0,0:0:0:0:
109,192,84429,1,0,0:0:0:0:
36,192,84429,1,0,0:0:0:0:
256,192,84429,1,0,0:0:0:0:
329,192,84429,1,0,0:0:0:0:
109,192,84510,1,0,0:0:0:0:
109,192,84591,1,0,0:0:0:0:
36,192,84591,1,0,0:0:0:0:
109,192,84672,1,0,0:0:0:0:
109,192,84753,1,0,0:0:0:0:
36,192,84753,1,0,0:0:0:0:
329,192,84753,1,0,0:0:0:0:
256,192,84753,1,0,0:0:0:0:
109,192,84835,1,0,0:0:0:0:
109,192,84916,1,0,0:0:0:0:
36,192,84916,1,0,0:0:0:0:
109,192,84997,1,0,0:0:0:0:
109,192,85078,1,0,0:0:0:0:
36,192,85078,1,0,0:0:0:0:
256,192,85078,1,0,0:0:0:0:
329,192,85078,1,0,0:0:0:0:
109,192,85321,1,0,0:0:0:0:
36,192,85321,1,0,0:0:0:0:
109,192,85564,1,0,0:0:0:0:
36,192,85564,1,0,0:0:0:0:
109,192,85726,1,0,0:0:0:0:
36,192,85726,1,0,0:0:0:0:
109,192,86051,1,0,0:0:0:0:
182,192,86375,1,0,0:0:0:0:
109,192,86375,1,0,0:0:0:0:
36,192,86375,1,0,0:0:0:0:
256,192,86375,1,0,0:0:0:0:
329,192,86375,1,0,0:0:0:0:
402,192,86375,1,0,0:0:0:0:
475,192,86375,1,0,0:0:0:0:
109,192,86537,1,0,0:0:0:0:
36,192,86537,1,0,0:0:0:0:
109,192,86699,1,0,0:0:0:0:
36,192,86699,1,0,0:0:0:0:
109,192,86862,1,0,0:0:0:0:
36,192,86862,1,0,0:0:0:0:
109,192,87024,1,0,0:0:0:0:
36,192,87024,1,0,0:0:0:0:
256,192,87024,1,0,0:0:0:0:
329,192,87024,1,0,0:0:0:0:
402,192,87024,1,0,0:0:0:0:
109,192,87186,1,0,0:0:0:0:
36,192,87186,1,0,0:0:0:0:
109,192,87348,1,0,0:0:0:0:
36,192,87348,1,0,0:0:0:0:
109,192,87510,1,0,0:0:0:0:
36,192,87510,1,0,0:0:0:0:
256,192,87510,1,0,0:0:0:0:
329,192,87510,1,0,0:0:0:0:
402,192,87510,1,0,0:0:0:0:
109,192,87672,1,0,0:0:0:0:
36,192,87672,1,0,0:0:0:0:
109,192,87835,1,0,0:0:0:0:
36,192,87835,1,0,0:0:0:0:
256,192,87835,1,0,0:0:0:0:
329,192,87835,1,0,0:0:0:0:
109,192,87997,1,0,0:0:0:0:
36,192,87997,1,0,0:0:0:0:
256,192,87997,1,0,0:0:0:0:
329,192,87997,1,0,0:0:0:0:
109,192,88159,1,0,0:0:0:0:
36,192,88159,1,0,0:0:0:0:
256,192,88159,1,0,0:0:0:0:
329,192,88159,1,0,0:0:0:0:
182,192,88321,1,0,0:0:0:0:
109,192,88321,1,0,0:0:0:0:
36,192,88321,1,0,0:0:0:0:
256,192,88321,1,0,0:0:0:0:
329,192,88321,1,0,0:0:0:0:
182,192,88483,1,0,0:0:0:0:
109,192,88483,1,0,0:0:0:0:
36,192,88483,1,0,0:0:0:0:
182,192,88645,1,0,0:0:0:0:
109,192,88645,1,0,0:0:0:0:
36,192,88645,1,0,0:0:0:0:
256,192,88645,1,0,0:0:0:0:
329,192,88645,1,0,0:0:0:0:
182,192,88808,1,0,0:0:0:0:
109,192,88808,1,0,0:0:0:0:
36,192,88808,1,0,0:0:0:0:
256,192,88808,1,0,0:0:0:0:
329,192,88808,1,0,0:0:0:0:
182,192,88970,1,0,0:0:0:0:
109,192,88970,1,0,0:0:0:0:
36,192,88970,1,0,0:0:0:0:
329,192,88970,1,0,0:0:0:0:
256,192,88970,1,0,0:0:0:0:
109,192,89132,1,0,0:0:0:0:
36,192,89132,1,0,0:0:0:0:
109,192,89294,1,0,0:0:0:0:
36,192,89294,1,0,0:0:0:0:
256,192,89294,1,0,0:0:0:0:
329,192,89294,1,0,0:0:0:0:
109,192,89456,1,0,0:0:0:0:
36,192,89456,1,0,0:0:0:0:
329,192,89456,1,0,0:0:0:0:
256,192,89456,1,0,0:0:0:0:
109,192,89618,1,0,0:0:0:0:
36,192,89618,1,0,0:0:0:0:
256,192,89618,1,0,0:0:0:0:
329,192,89618,1,0,0:0:0:0:
402,192,89618,1,0,0:0:0:0:
475,192,89618,1,0,0:0:0:0:
109,192,89781,1,0,0:0:0:0:
36,192,89781,1,0,0:0:0:0:
256,192,89781,1,0,0:0:0:0:
329,192,89781,1,0,0:0:0:0:
182,192,89943,1,0,0:0:0:0:
109,192,89943,1,0,0:0:0:0:
36,192,89943,1,0,0:0:0:0:
329,192,89943,1,0,0:0:0:0:
256,192,89943,1,0,0:0:0:0:
109,192,90105,1,0,0:0:0:0:
36,192,90105,1,0,0:0:0:0:
256,192,90105,1,0,0:0:0:0:
329,192,90105,1,0,0:0:0:0:
182,192,90267,1,0,0:0:0:0:
109,192,90267,1,0,0:0:0:0:
36,192,90267,1,0,0:0:0:0:
256,192,90267,1,0,0:0:0:0:
329,192,90267,1,0,0:0:0:0:
402,192,90267,1,0,0:0:0:0:
475,192,90267,1,0,0:0:0:0:
109,192,90429,1,0,0:0:0:0:
36,192,90429,1,0,0:0:0:0:
109,192,90591,1,0,0:0:0:0:
36,192,90591,1,0,0:0:0:0:
256,192,90591,1,0,0:0:0:0:
329,192,90591,1,0,0:0:0:0:
402,192,90591,1,0,0:0:0:0:
109,192,90753,1,0,0:0:0:0:
36,192,90753,1,0,0:0:0:0:
109,192,90916,1,0,0:0:0:0:
36,192,90916,1,0,0:0:0:0:
256,192,90916,1,0,0:0:0:0:
402,192,90916,1,0,0:0:0:0:
329,192,90916,1,0,0:0:0:0:
109,192,91078,1,0,0:0:0:0:
36,192,91078,1,0,0:0:0:0:
109,192,91159,1,0,0:0:0:0:
109,192,91240,1,0,0:0:0:0:
36,192,91240,1,0,0:0:0:0:
256,192,91240,1,0,0:0:0:0:
329,192,91240,1,0,0:0:0:0:
109,192,91321,1,0,0:0:0:0:
109,192,91402,1,0,0:0:0:0:
36,192,91402,1,0,0:0:0:0:
329,192,91402,1,0,0:0:0:0:
256,192,91402,1,0,0:0:0:0:
109,192,91483,1,0,0:0:0:0:
182,192,91564,1,0,0:0:0:0:
109,192,91564,1,0,0:0:0:0:
36,192,91564,1,0,0:0:0:0:
256,192,91564,1,0,0:0:0:0:
329,192,91564,1,0,0:0:0:0:
109,192,91726,1,0,0:0:0:0:
36,192,91726,1,0,0:0:0:0:
109,192,91889,1,0,0:0:0:0:
36,192,91889,1,0,0:0:0:0:
109,192,92051,1,0,0:0:0:0:
36,192,92051,1,0,0:0:0:0:
109,192,92213,1,0,0:0:0:0:
36,192,92213,1,0,0:0:0:0:
329,192,92213,1,0,0:0:0:0:
256,192,92213,1,0,0:0:0:0:
109,192,92375,1,0,0:0:0:0:
36,192,92375,1,0,0:0:0:0:
109,192,92537,1,0,0:0:0:0:
36,192,92537,1,0,0:0:0:0:
109,192,92699,1,0,0:0:0:0:
36,192,92699,1,0,0:0:0:0:
329,192,92699,1,0,0:0:0:0:
256,192,92699,1,0,0:0:0:0:
109,192,92862,1,0,0:0:0:0:
36,192,92862,1,0,0:0:0:0:
109,192,93024,1,0,0:0:0:0:
36,192,93024,1,0,0:0:0:0:
256,192,93024,1,0,0:0:0:0:
329,192,93024,1,0,0:0:0:0:
109,192,93186,1,0,0:0:0:0:
36,192,93186,1,0,0:0:0:0:
329,192,93186,1,0,0:0:0:0:
256,192,93186,1,0,0:0:0:0:
109,192,93348,1,0,0:0:0:0:
36,192,93348,1,0,0:0:0:0:
256,192,93348,1,0,0:0:0:0:
329,192,93348,1,0,0:0:0:0:
182,192,93510,1,0,0:0:0:0:
109,192,93510,1,0,0:0:0:0:
36,192,93510,1,0,0:0:0:0:
329,192,93510,1,0,0:0:0:0:
256,192,93510,1,0,0:0:0:0:
182,192,93672,1,0,0:0:0:0:
109,192,93672,1,0,0:0:0:0:
36,192,93672,1,0,0:0:0:0:
182,192,93835,1,0,0:0:0:0:
109,192,93835,1,0,0:0:0:0:
36,192,93835,1,0,0:0:0:0:
256,192,93835,1,0,0:0:0:0:
329,192,93835,1,0,0:0:0:0:
182,192,93997,1,0,0:0:0:0:
109,192,93997,1,0,0:0:0:0:
36,192,93997,1,0,0:0:0:0:
329,192,93997,1,0,0:0:0:0:
256,192,93997,1,0,0:0:0:0:
182,192,94159,1,0,0:0:0:0:
109,192,94159,1,0,0:0:0:0:
36,192,94159,1,0,0:0:0:0:
256,192,94159,1,0,0:0:0:0:
329,192,94159,1,0,0:0:0:0:
109,192,94321,1,0,0:0:0:0:
36,192,94321,1,0,0:0:0:0:
109,192,94483,1,0,0:0:0:0:
36,192,94483,1,0,0:0:0:0:
329,192,94483,1,0,0:0:0:0:
256,192,94483,1,0,0:0:0:0:
109,192,94645,1,0,0:0:0:0:
36,192,94645,1,0,0:0:0:0:
256,192,94645,1,0,0:0:0:0:
329,192,94645,1,0,0:0:0:0:
109,192,94808,1,0,0:0:0:0:
36,192,94808,1,0,0:0:0:0:
329,192,94808,1,0,0:0:0:0:
256,192,94808,1,0,0:0:0:0:
109,192,94970,1,0,0:0:0:0:
36,192,94970,1,0,0:0:0:0:
256,192,94970,1,0,0:0:0:0:
329,192,94970,1,0,0:0:0:0:
109,192,95132,1,0,0:0:0:0:
36,192,95132,1,0,0:0:0:0:
329,192,95132,1,0,0:0:0:0:
256,192,95132,1,0,0:0:0:0:
109,192,95294,1,0,0:0:0:0:
36,192,95294,1,0,0:0:0:0:
256,192,95294,1,0,0:0:0:0:
329,192,95294,1,0,0:0:0:0:
182,192,95456,1,0,0:0:0:0:
109,192,95456,1,0,0:0:0:0:
36,192,95456,1,0,0:0:0:0:
329,192,95456,1,0,0:0:0:0:
256,192,95456,1,0,0:0:0:0:
402,192,95456,1,0,0:0:0:0:
109,192,95618,1,0,0:0:0:0:
36,192,95618,1,0,0:0:0:0:
256,192,95618,1,0,0:0:0:0:
329,192,95618,1,0,0:0:0:0:
182,192,95781,1,0,0:0:0:0:
109,192,95781,1,0,0:0:0:0:
36,192,95781,1,0,0:0:0:0:
329,192,95781,1,0,0:0:0:0:
256,192,95781,1,0,0:0:0:0:
109,192,95943,1,0,0:0:0:0:
36,192,95943,1,0,0:0:0:0:
256,192,95943,1,0,0:0:0:0:
329,192,95943,1,0,0:0:0:0:
182,192,96105,1,0,0:0:0:0:
109,192,96105,1,0,0:0:0:0:
36,192,96105,1,0,0:0:0:0:
256,192,96105,1,0,0:0:0:0:
329,192,96105,1,0,0:0:0:0:
402,192,96105,1,0,0:0:0:0:
475,192,96105,1,0,0:0:0:0:
109,192,96267,1,0,0:0:0:0:
36,192,96267,1,0,0:0:0:0:
109,192,96348,1,0,0:0:0:0:
182,192,96429,1,0,0:0:0:0:
109,192,96429,1,0,0:0:0:0:
36,192,96429,1,0,0:0:0:0:
475,192,96429,1,0,0:0:0:0:
402,192,96429,1,0,0:0:0:0:
329,192,96429,1,0,0:0:0:0:
256,192,96429,1,0,0:0:0:0:
109,192,96510,1,0,0:0:0:0:
109,192,96591,1,0,0:0:0:0:
36,192,96591,1,0,0:0:0:0:
109,192,96672,1,0,0:0:0:0:
182,192,96753,1,0,0:0:0:0:
109,192,96753,1,0,0:0:0:0:
36,192,96753,1,0,0:0:0:0:
256,192,96753,1,0,0:0:0:0:
329,192,96753,1,0,0:0:0:0:
109,192,96916,1,0,0:0:0:0:
36,192,96916,1,0,0:0:0:0:
109,192,97078,1,0,0:0:0:0:
36,192,97078,1,0,0:0:0:0:
109,192,97240,1,0,0:0:0:0:
36,192,97240,1,0,0:0:0:0:
109,192,97402,1,0,0:0:0:0:
36,192,97402,1,0,0:0:0:0:
329,192,97402,1,0,0:0:0:0:
256,192,97402,1,0,0:0:0:0:
109,192,97564,1,0,0:0:0:0:
36,192,97564,1,0,0:0:0:0:
109,192,97726,1,0,0:0:0:0:
36,192,97726,1,0,0:0:0:0:
109,192,97889,1,0,0:0:0:0:
36,192,97889,1,0,0:0:0:0:
256,192,97889,1,0,0:0:0:0:
329,192,97889,1,0,0:0:0:0:
109,192,98051,1,0,0:0:0:0:
36,192,98051,1,0,0:0:0:0:
109,192,98213,1,0,0:0:0:0:
36,192,98213,1,0,0:0:0:0:
256,192,98213,1,0,0:0:0:0:
329,192,98213,1,0,0:0:0:0:
109,192,98375,1,0,0:0:0:0:
36,192,98375,1,0,0:0:0:0:
256,192,98375,1,0,0:0:0:0:
329,192,98375,1,0,0:0:0:0:
109,192,98537,1,0,0:0:0:0:
36,192,98537,1,0,0:0:0:0:
256,192,98537,1,0,0:0:0:0:
329,192,98537,1,0,0:0:0:0:
182,192,98699,1,0,0:0:0:0:
109,192,98699,1,0,0:0:0:0:
36,192,98699,1,0,0:0:0:0:
256,192,98699,1,0,0:0:0:0:
329,192,98699,1,0,0:0:0:0:
182,192,98862,1,0,0:0:0:0:
109,192,98862,1,0,0:0:0:0:
36,192,98862,1,0,0:0:0:0:
182,192,99024,1,0,0:0:0:0:
109,192,99024,1,0,0:0:0:0:
36,192,99024,1,0,0:0:0:0:
329,192,99024,1,0,0:0:0:0:
256,192,99024,1,0,0:0:0:0:
182,192,99186,1,0,0:0:0:0:
109,192,99186,1,0,0:0:0:0:
36,192,99186,1,0,0:0:0:0:
256,192,99186,1,0,0:0:0:0:
329,192,99186,1,0,0:0:0:0:
182,192,99348,1,0,0:0:0:0:
109,192,99348,1,0,0:0:0:0:
36,192,99348,1,0,0:0:0:0:
329,192,99348,1,0,0:0:0:0:
256,192,99348,1,0,0:0:0:0:
109,192,99510,1,0,0:0:0:0:
36,192,99510,1,0,0:0:0:0:
109,192,99672,1,0,0:0:0:0:
36,192,99672,1,0,0:0:0:0:
256,192,99672,1,0,0:0:0:0:
329,192,99672,1,0,0:0:0:0:
109,192,99835,1,0,0:0:0:0:
36,192,99835,1,0,0:0:0:0:
329,192,99835,1,0,0:0:0:0:
256,192,99835,1,0,0:0:0:0:
109,192,99997,1,0,0:0:0:0:
36,192,99997,1,0,0:0:0:0:
256,192,99997,1,0,0:0:0:0:
329,192,99997,1,0,0:0:0:0:
109,192,100159,1,0,0:0:0:0:
36,192,100159,1,0,0:0:0:0:
329,192,100159,1,0,0:0:0:0:
256,192,100159,1,0,0:0:0:0:
182,192,100321,1,0,0:0:0:0:
109,192,100321,1,0,0:0:0:0:
36,192,100321,1,0,0:0:0:0:
256,192,100321,1,0,0:0:0:0:
329,192,100321,1,0,0:0:0:0:
109,192,100483,1,0,0:0:0:0:
36,192,100483,1,0,0:0:0:0:
329,192,100483,1,0,0:0:0:0:
256,192,100483,1,0,0:0:0:0:
182,192,100645,1,0,0:0:0:0:
109,192,100645,1,0,0:0:0:0:
36,192,100645,1,0,0:0:0:0:
256,192,100645,1,0,0:0:0:0:
329,192,100645,1,0,0:0:0:0:
402,192,100645,1,0,0:0:0:0:
109,192,100808,1,0,0:0:0:0:
36,192,100808,1,0,0:0:0:0:
109,192,100970,1,0,0:0:0:0:
36,192,100970,1,0,0:0:0:0:
402,192,100970,1,0,0:0:0:0:
329,192,100970,1,0,0:0:0:0:
256,192,100970,1,0,0:0:0:0:
109,192,101132,1,0,0:0:0:0:
36,192,101132,1,0,0:0:0:0:
109,192,101294,1,0,0:0:0:0:
36,192,101294,1,0,0:0:0:0:
256,192,101294,1,0,0:0:0:0:
329,192,101294,1,0,0:0:0:0:
402,192,101294,1,0,0:0:0:0:
109,192,101456,1,0,0:0:0:0:
36,192,101456,1,0,0:0:0:0:
109,192,101537,1,0,0:0:0:0:
109,192,101618,1,0,0:0:0:0:
36,192,101618,1,0,0:0:0:0:
256,192,101618,1,0,0:0:0:0:
329,192,101618,1,0,0:0:0:0:
109,192,101699,1,0,0:0:0:0:
109,192,101781,1,0,0:0:0:0:
36,192,101781,1,0,0:0:0:0:
329,192,101781,1,0,0:0:0:0:
256,192,101781,1,0,0:0:0:0:
109,192,101862,1,0,0:0:0:0:
182,192,101943,1,0,0:0:0:0:
109,192,101943,1,0,0:0:0:0:
36,192,101943,1,0,0:0:0:0:
329,192,101943,1,0,0:0:0:0:
256,192,101943,1,0,0:0:0:0:
402,192,101943,1,0,0:0:0:0:
475,192,101943,1,0,0:0:0:0:
109,192,102105,1,0,0:0:0:0:
36,192,102105,1,0,0:0:0:0:
109,192,102267,1,0,0:0:0:0:
36,192,102267,1,0,0:0:0:0:
109,192,102429,1,0,0:0:0:0:
36,192,102429,1,0,0:0:0:0:
182,192,102591,1,0,0:0:0:0:
109,192,102591,1,0,0:0:0:0:
36,192,102591,1,0,0:0:0:0:
256,192,102591,1,0,0:0:0:0:
329,192,102591,1,0,0:0:0:0:
402,192,102591,1,0,0:0:0:0:
475,192,102591,1,0,0:0:0:0:
109,192,102753,1,0,0:0:0:0:
36,192,102753,1,0,0:0:0:0:
109,192,102916,1,0,0:0:0:0:
36,192,102916,1,0,0:0:0:0:
109,192,103078,1,0,0:0:0:0:
36,192,103078,1,0,0:0:0:0:
256,192,103078,1,0,0:0:0:0:
329,192,103078,1,0,0:0:0:0:
182,192,103240,1,0,0:0:0:0:
109,192,103240,1,0,0:0:0:0:
36,192,103240,1,0,0:0:0:0:
109,192,103402,1,0,0:0:0:0:
36,192,103402,1,0,0:0:0:0:
329,192,103402,1,0,0:0:0:0:
256,192,103402,1,0,0:0:0:0:
182,192,103564,1,0,0:0:0:0:
109,192,103564,1,0,0:0:0:0:
36,192,103564,1,0,0:0:0:0:
256,192,103564,1,0,0:0:0:0:
329,192,103564,1,0,0:0:0:0:
109,192,103726,1,0,0:0:0:0:
36,192,103726,1,0,0:0:0:0:
256,192,103726,1,0,0:0:0:0:
329,192,103726,1,0,0:0:0:0:
182,192,103889,1,0,0:0:0:0:
109,192,103889,1,0,0:0:0:0:
36,192,103889,1,0,0:0:0:0:
329,192,103889,1,0,0:0:0:0:
256,192,103889,1,0,0:0:0:0:
109,192,104051,1,0,0:0:0:0:
36,192,104051,1,0,0:0:0:0:
109,192,104213,1,0,0:0:0:0:
36,192,104213,1,0,0:0:0:0:
256,192,104213,1,0,0:0:0:0:
329,192,104213,1,0,0:0:0:0:
109,192,104375,1,0,0:0:0:0:
36,192,104375,1,0,0:0:0:0:
256,192,104375,1,0,0:0:0:0:
329,192,104375,1,0,0:0:0:0:
182,192,104537,1,0,0:0:0:0:
109,192,104537,1,0,0:0:0:0:
36,192,104537,1,0,0:0:0:0:
256,192,104537,1,0,0:0:0:0:
329,192,104537,1,0,0:0:0:0:
402,192,104537,1,0,0:0:0:0:
475,192,104537,1,0,0:0:0:0:
109,192,104618,1,0,0:0:0:0:
109,192,104699,1,0,0:0:0:0:
36,192,104699,1,0,0:0:0:0:
109,192,104781,1,0,0:0:0:0:
109,192,104862,1,0,0:0:0:0:
36,192,104862,1,0,0:0:0:0:
109,192,104943,1,0,0:0:0:0:
109,192,105024,1,0,0:0:0:0:
36,192,105024,1,0,0:0:0:0:
109,192,105105,1,0,0:0:0:0:
109,192,105186,1,0,0:0:0:0:
36,192,105186,1,0,0:0:0:0:
109,192,105267,1,0,0:0:0:0:
109,192,105348,1,0,0:0:0:0:
36,192,105348,1,0,0:0:0:0:
109,192,105429,1,0,0:0:0:0:
109,192,105510,1,0,0:0:0:0:
36,192,105510,1,0,0:0:0:0:
256,192,105510,1,0,0:0:0:0:
329,192,105510,1,0,0:0:0:0:
402,192,105510,1,0,0:0:0:0:
109,192,105591,1,0,0:0:0:0:
109,192,105672,1,0,0:0:0:0:
36,192,105672,1,0,0:0:0:0:
256,192,105672,1,0,0:0:0:0:
329,192,105672,1,0,0:0:0:0:
109,192,105753,1,0,0:0:0:0:
182,192,105835,1,0,0:0:0:0:
109,192,105835,1,0,0:0:0:0:
36,192,105835,1,0,0:0:0:0:
256,192,105835,1,0,0:0:0:0:
329,192,105835,1,0,0:0:0:0:
402,192,105835,1,0,0:0:0:0:
109,192,105916,1,0,0:0:0:0:
109,192,105997,1,0,0:0:0:0:
36,192,105997,1,0,0:0:0:0:
109,192,106078,1,0,0:0:0:0:
109,192,106159,1,0,0:0:0:0:
36,192,106159,1,0,0:0:0:0:
256,192,106159,1,0,0:0:0:0:
329,192,106159,1,0,0:0:0:0:
402,192,106159,1,0,0:0:0:0:
109,192,106240,1,0,0:0:0:0:
109,192,106321,1,0,0:0:0:0:
36,192,106321,1,0,0:0:0:0:
109,192,106402,1,0,0:0:0:0:
109,192,106483,1,0,0:0:0:0:
36,192,106483,1,0,0:0:0:0:
256,192,106483,1,0,0:0:0:0:
329,192,106483,1,0,0:0:0:0:
402,192,106483,1,0,0:0:0:0:
109,192,106645,1,0,0:0:0:0:
36,192,106645,1,0,0:0:0:0:
109,192,106808,1,0,0:0:0:0:
36,192,106808,1,0,0:0:0:0:
256,192,106808,1,0,0:0:0:0:
329,192,106808,1,0,0:0:0:0:
402,192,106808,1,0,0:0:0:0:
36,192,106970,1,0,0:0:0:0:
182,192,107132,1,0,0:0:0:0:
109,192,107132,1,0,0:0:0:0:
36,192,107132,1,0,0:0:0:0:
109,192,107294,1,0,0:0:0:0:
36,192,107294,1,0,0:0:0:0:
109,192,107456,1,0,0:0:0:0:
36,192,107456,1,0,0:0:0:0:
256,192,107456,1,0,0:0:0:0:
329,192,107456,1,0,0:0:0:0:
402,192,107456,1,0,0:0:0:0:
475,192,107456,1,0,0:0:0:0:
109,192,107618,1,0,0:0:0:0:
36,192,107618,1,0,0:0:0:0:
182,192,107781,1,0,0:0:0:0:
109,192,107781,1,0,0:0:0:0:
36,192,107781,1,0,0:0:0:0:
109,192,107943,1,0,0:0:0:0:
36,192,107943,1,0,0:0:0:0:
182,192,108105,1,0,0:0:0:0:
109,192,108105,1,0,0:0:0:0:
36,192,108105,1,0,0:0:0:0:
109,192,108267,1,0,0:0:0:0:
36,192,108267,1,0,0:0:0:0:
182,192,108429,1,0,0:0:0:0:
109,192,108429,1,0,0:0:0:0:
36,192,108429,1,0,0:0:0:0:
182,192,108591,1,0,0:0:0:0:
109,192,108591,1,0,0:0:0:0:
36,192,108591,1,0,0:0:0:0:
182,192,108753,1,0,0:0:0:0:
109,192,108753,1,0,0:0:0:0:
36,192,108753,1,0,0:0:0:0:
182,192,108916,1,0,0:0:0:0:
109,192,108916,1,0,0:0:0:0:
36,192,108916,1,0,0:0:0:0:
109,192,109078,1,0,0:0:0:0:
36,192,109078,1,0,0:0:0:0:
109,192,109240,1,0,0:0:0:0:
36,192,109240,1,0,0:0:0:0:
109,192,109402,1,0,0:0:0:0:
36,192,109402,1,0,0:0:0:0:
109,192,109564,1,0,0:0:0:0:
36,192,109564,1,0,0:0:0:0:
182,192,109726,1,0,0:0:0:0:
109,192,109726,1,0,0:0:0:0:
36,192,109726,1,0,0:0:0:0:
256,192,109726,1,0,0:0:0:0:
329,192,109726,1,0,0:0:0:0:
402,192,109726,1,0,0:0:0:0:
182,192,109808,1,0,0:0:0:0:
36,192,109808,1,0,0:0:0:0:
182,192,109889,1,0,0:0:0:0:
109,192,109889,1,0,0:0:0:0:
36,192,109889,1,0,0:0:0:0:
182,192,109970,1,0,0:0:0:0:
36,192,109970,1,0,0:0:0:0:
182,192,110051,1,0,0:0:0:0:
109,192,110051,1,0,0:0:0:0:
36,192,110051,1,0,0:0:0:0:
256,192,110051,1,0,0:0:0:0:
329,192,110051,1,0,0:0:0:0:
402,192,110051,1,0,0:0:0:0:
182,192,110132,1,0,0:0:0:0:
36,192,110132,1,0,0:0:0:0:
182,192,110213,1,0,0:0:0:0:
109,192,110213,1,0,0:0:0:0:
36,192,110213,1,0,0:0:0:0:
182,192,110294,1,0,0:0:0:0:
36,192,110294,1,0,0:0:0:0:
182,192,110375,1,0,0:0:0:0:
109,192,110375,1,0,0:0:0:0:
36,192,110375,1,0,0:0:0:0:
182,192,110456,1,0,0:0:0:0:
36,192,110456,1,0,0:0:0:0:
182,192,110537,1,0,0:0:0:0:
109,192,110537,1,0,0:0:0:0:
36,192,110537,1,0,0:0:0:0:
182,192,110618,1,0,0:0:0:0:
36,192,110618,1,0,0:0:0:0:
182,192,110699,1,0,0:0:0:0:
109,192,110699,1,0,0:0:0:0:
36,192,110699,1,0,0:0:0:0:
182,192,110781,1,0,0:0:0:0:
36,192,110781,1,0,0:0:0:0:
182,192,110862,1,0,0:0:0:0:
109,192,110862,1,0,0:0:0:0:
36,192,110862,1,0,0:0:0:0:
256,192,110862,1,0,0:0:0:0:
329,192,110862,1,0,0:0:0:0:
402,192,110862,1,0,0:0:0:0:
182,192,110943,1,0,0:0:0:0:
36,192,110943,1,0,0:0:0:0:
182,192,111024,1,0,0:0:0:0:
109,192,111024,1,0,0:0:0:0:
36,192,111024,1,0,0:0:0:0:
256,192,111024,1,0,0:0:0:0:
329,192,111024,1,0,0:0:0:0:
256,192,111105,1,0,0:0:0:0:
329,192,111105,1,0,0:0:0:0:
182,192,111186,1,0,0:0:0:0:
109,192,111186,1,0,0:0:0:0:
36,192,111186,1,0,0:0:0:0:
182,192,111348,1,0,0:0:0:0:
109,192,111348,1,0,0:0:0:0:
36,192,111348,1,0,0:0:0:0:
182,192,111510,1,0,0:0:0:0:
109,192,111510,1,0,0:0:0:0:
36,192,111510,1,0,0:0:0:0:
182,192,111672,1,0,0:0:0:0:
109,192,111672,1,0,0:0:0:0:
36,192,111672,1,0,0:0:0:0:
109,192,111835,1,0,0:0:0:0:
36,192,111835,1,0,0:0:0:0:
109,192,111997,1,0,0:0:0:0:
36,192,111997,1,0,0:0:0:0:
109,192,112159,1,0,0:0:0:0:
36,192,112159,1,0,0:0:0:0:
182,192,112321,1,0,0:0:0:0:
109,192,112321,1,0,0:0:0:0:
36,192,112321,1,0,0:0:0:0:
256,192,112321,1,0,0:0:0:0:
329,192,112321,1,0,0:0:0:0:
109,192,112483,1,0,0:0:0:0:
36,192,112483,1,0,0:0:0:0:
329,192,112483,1,0,0:0:0:0:
256,192,112483,1,0,0:0:0:0:
182,192,112645,1,0,0:0:0:0:
109,192,112645,1,0,0:0:0:0:
36,192,112645,1,0,0:0:0:0:
256,192,112645,1,0,0:0:0:0:
329,192,112645,1,0,0:0:0:0:
109,192,112808,1,0,0:0:0:0:
182,192,112970,1,0,0:0:0:0:
109,192,112970,1,0,0:0:0:0:
36,192,112970,1,0,0:0:0:0:
329,192,112970,1,0,0:0:0:0:
256,192,112970,1,0,0:0:0:0:
182,192,113132,1,0,0:0:0:0:
109,192,113132,1,0,0:0:0:0:
36,192,113132,1,0,0:0:0:0:
256,192,113132,1,0,0:0:0:0:
329,192,113132,1,0,0:0:0:0:
182,192,113294,1,0,0:0:0:0:
109,192,113294,1,0,0:0:0:0:
36,192,113294,1,0,0:0:0:0:
329,192,113294,1,0,0:0:0:0:
256,192,113294,1,0,0:0:0:0:
182,192,113456,1,0,0:0:0:0:
109,192,113456,1,0,0:0:0:0:
182,192,113618,1,0,0:0:0:0:
109,192,113618,1,0,0:0:0:0:
36,192,113618,1,0,0:0:0:0:
256,192,113618,1,0,0:0:0:0:
329,192,113618,1,0,0:0:0:0:
402,192,113618,1,0,0:0:0:0:
182,192,113781,1,0,0:0:0:0:
109,192,113781,1,0,0:0:0:0:
36,192,113781,1,0,0:0:0:0:
329,192,113781,1,0,0:0:0:0:
256,192,113781,1,0,0:0:0:0:
402,192,113781,1,0,0:0:0:0:
182,192,113943,1,0,0:0:0:0:
109,192,113943,1,0,0:0:0:0:
36,192,113943,1,0,0:0:0:0:
256,192,113943,1,0,0:0:0:0:
329,192,113943,1,0,0:0:0:0:
402,192,113943,1,0,0:0:0:0:
182,192,114105,1,0,0:0:0:0:
109,192,114105,1,0,0:0:0:0:
182,192,114267,1,0,0:0:0:0:
109,192,114267,1,0,0:0:0:0:
36,192,114267,1,0,0:0:0:0:
256,192,114267,1,0,0:0:0:0:
329,192,114267,1,0,0:0:0:0:
402,192,114267,1,0,0:0:0:0:
109,192,114429,1,0,0:0:0:0:
36,192,114429,1,0,0:0:0:0:
329,192,114429,1,0,0:0:0:0:
256,192,114429,1,0,0:0:0:0:
402,192,114429,1,0,0:0:0:0:
109,192,114510,1,0,0:0:0:0:
182,192,114591,1,0,0:0:0:0:
109,192,114591,1,0,0:0:0:0:
36,192,114591,1,0,0:0:0:0:
256,192,114591,1,0,0:0:0:0:
329,192,114591,1,0,0:0:0:0:
402,192,114591,1,0,0:0:0:0:
109,192,114672,1,0,0:0:0:0:
109,192,114753,1,0,0:0:0:0:
109,192,114835,1,0,0:0:0:0:
182,192,114916,1,0,0:0:0:0:
109,192,114916,1,0,0:0:0:0:
36,192,114916,1,0,0:0:0:0:
329,192,114916,1,0,0:0:0:0:
256,192,114916,1,0,0:0:0:0:
182,192,114997,1,0,0:0:0:0:
182,192,115078,1,0,0:0:0:0:
109,192,115078,1,0,0:0:0:0:
36,192,115078,1,0,0:0:0:0:
256,192,115078,1,0,0:0:0:0:
329,192,115078,1,0,0:0:0:0:
182,192,115159,1,0,0:0:0:0:
182,192,115240,1,0,0:0:0:0:
109,192,115240,1,0,0:0:0:0:
36,192,115240,1,0,0:0:0:0:
329,192,115240,1,0,0:0:0:0:
256,192,115240,1,0,0:0:0:0:
182,192,115321,1,0,0:0:0:0:
182,192,115402,1,0,0:0:0:0:
109,192,115402,1,0,0:0:0:0:
182,192,115483,1,0,0:0:0:0:
182,192,115564,1,0,0:0:0:0:
109,192,115564,1,0,0:0:0:0:
36,192,115564,1,0,0:0:0:0:
329,192,115564,1,0,0:0:0:0:
256,192,115564,1,0,0:0:0:0:
182,192,115645,1,0,0:0:0:0:
182,192,115726,1,0,0:0:0:0:
109,192,115726,1,0,0:0:0:0:
36,192,115726,1,0,0:0:0:0:
256,192,115726,1,0,0:0:0:0:
329,192,115726,1,0,0:0:0:0:
182,192,115808,1,0,0:0:0:0:
182,192,115889,1,0,0:0:0:0:
109,192,115889,1,0,0:0:0:0:
36,192,115889,1,0,0:0:0:0:
329,192,115889,1,0,0:0:0:0:
256,192,115889,1,0,0:0:0:0:
182,192,115970,1,0,0:0:0:0:
182,192,116051,1,0,0:0:0:0:
109,192,116051,1,0,0:0:0:0:
182,192,116132,1,0,0:0:0:0:
182,192,116213,1,0,0:0:0:0:
109,192,116213,1,0,0:0:0:0:
36,192,116213,1,0,0:0:0:0:
256,192,116213,1,0,0:0:0:0:
329,192,116213,1,0,0:0:0:0:
402,192,116213,1,0,0:0:0:0:
182,192,116294,1,0,0:0:0:0:
182,192,116375,1,0,0:0:0:0:
109,192,116375,1,0,0:0:0:0:
36,192,116375,1,0,0:0:0:0:
402,192,116375,1,0,0:0:0:0:
329,192,116375,1,0,0:0:0:0:
256,192,116375,1,0,0:0:0:0:
182,192,116456,1,0,0:0:0:0:
182,192,116537,1,0,0:0:0:0:
109,192,116537,1,0,0:0:0:0:
36,192,116537,1,0,0:0:0:0:
256,192,116537,1,0,0:0:0:0:
329,192,116537,1,0,0:0:0:0:
402,192,116537,1,0,0:0:0:0:
182,192,116618,1,0,0:0:0:0:
182,192,116699,1,0,0:0:0:0:
109,192,116699,1,0,0:0:0:0:
182,192,116781,1,0,0:0:0:0:
182,192,116862,1,0,0:0:0:0:
109,192,116862,1,0,0:0:0:0:
36,192,116862,1,0,0:0:0:0:
402,192,116862,1,0,0:0:0:0:
329,192,116862,1,0,0:0:0:0:
256,192,116862,1,0,0:0:0:0:
182,192,116943,1,0,0:0:0:0:
182,192,117024,1,0,0:0:0:0:
109,192,117024,1,0,0:0:0:0:
36,192,117024,1,0,0:0:0:0:
256,192,117024,1,0,0:0:0:0:
402,192,117024,1,0,0:0:0:0:
329,192,117024,1,0,0:0:0:0:
182,192,117105,1,0,0:0:0:0:
109,192,117105,1,0,0:0:0:0:
182,192,117186,1,0,0:0:0:0:
109,192,117186,1,0,0:0:0:0:
36,192,117186,1,0,0:0:0:0:
402,192,117186,1,0,0:0:0:0:
329,192,117186,1,0,0:0:0:0:
256,192,117186,1,0,0:0:0:0:
182,192,117267,1,0,0:0:0:0:
109,192,117267,1,0,0:0:0:0:
182,192,117348,1,0,0:0:0:0:
109,192,117348,1,0,0:0:0:0:
182,192,117429,1,0,0:0:0:0:
109,192,117429,1,0,0:0:0:0:
182,192,117510,1,0,0:0:0:0:
109,192,117510,1,0,0:0:0:0:
36,192,117510,1,0,0:0:0:0:
256,192,117510,1,0,0:0:0:0:
329,192,117510,1,0,0:0:0:0:
182,192,117672,1,0,0:0:0:0:
109,192,117672,1,0,0:0:0:0:
36,192,117672,1,0,0:0:0:0:
329,192,117672,1,0,0:0:0:0:
256,192,117672,1,0,0:0:0:0:
182,192,117753,1,0,0:0:0:0:
182,192,117835,1,0,0:0:0:0:
109,192,117835,1,0,0:0:0:0:
36,192,117835,1,0,0:0:0:0:
256,192,117835,1,0,0:0:0:0:
329,192,117835,1,0,0:0:0:0:
182,192,117997,1,0,0:0:0:0:
109,192,117997,1,0,0:0:0:0:
36,192,117997,1,0,0:0:0:0:
329,192,117997,1,0,0:0:0:0:
256,192,117997,1,0,0:0:0:0:
182,192,118159,1,0,0:0:0:0:
109,192,118159,1,0,0:0:0:0:
36,192,118159,1,0,0:0:0:0:
256,192,118159,1,0,0:0:0:0:
329,192,118159,1,0,0:0:0:0:
182,192,118321,1,0,0:0:0:0:
109,192,118321,1,0,0:0:0:0:
182,192,118402,1,0,0:0:0:0:
182,192,118483,1,0,0:0:0:0:
109,192,118483,1,0,0:0:0:0:
182,192,118645,1,0,0:0:0:0:
109,192,118645,1,0,0:0:0:0:
109,192,118808,1,0,0:0:0:0:
36,192,118808,1,0,0:0:0:0:
329,192,118808,1,0,0:0:0:0:
256,192,118808,1,0,0:0:0:0:
402,192,118808,1,0,0:0:0:0:
182,192,118970,1,0,0:0:0:0:
109,192,118970,1,0,0:0:0:0:
36,192,118970,1,0,0:0:0:0:
256,192,118970,1,0,0:0:0:0:
329,192,118970,1,0,0:0:0:0:
402,192,118970,1,0,0:0:0:0:
182,192,119051,1,0,0:0:0:0:
182,192,119132,1,0,0:0:0:0:
109,192,119132,1,0,0:0:0:0:
36,192,119132,1,0,0:0:0:0:
329,192,119132,1,0,0:0:0:0:
256,192,119132,1,0,0:0:0:0:
402,192,119132,1,0,0:0:0:0:
182,192,119294,1,0,0:0:0:0:
109,192,119294,1,0,0:0:0:0:
36,192,119294,1,0,0:0:0:0:
329,192,119294,1,0,0:0:0:0:
256,192,119294,1,0,0:0:0:0:
402,192,119294,1,0,0:0:0:0:
182,192,119456,1,0,0:0:0:0:
109,192,119456,1,0,0:0:0:0:
36,192,119456,1,0,0:0:0:0:
256,192,119456,1,0,0:0:0:0:
329,192,119456,1,0,0:0:0:0:
402,192,119456,1,0,0:0:0:0:
182,192,119537,1,0,0:0:0:0:
182,192,119618,1,0,0:0:0:0:
109,192,119618,1,0,0:0:0:0:
182,192,119781,1,0,0:0:0:0:
109,192,119781,1,0,0:0:0:0:
182,192,119943,1,0,0:0:0:0:
109,192,119943,1,0,0:0:0:0:
182,192,120105,1,0,0:0:0:0:
109,192,120105,1,0,0:0:0:0:
36,192,120105,1,0,0:0:0:0:
256,192,120105,1,0,0:0:0:0:
329,192,120105,1,0,0:0:0:0:
182,192,120267,1,0,0:0:0:0:
109,192,120267,1,0,0:0:0:0:
36,192,120267,1,0,0:0:0:0:
329,192,120267,1,0,0:0:0:0:
256,192,120267,1,0,0:0:0:0:
182,192,120348,1,0,0:0:0:0:
182,192,120429,1,0,0:0:0:0:
109,192,120429,1,0,0:0:0:0:
36,192,120429,1,0,0:0:0:0:
256,192,120429,1,0,0:0:0:0:
329,192,120429,1,0,0:0:0:0:
182,192,120591,1,0,0:0:0:0:
109,192,120591,1,0,0:0:0:0:
36,192,120591,1,0,0:0:0:0:
329,192,120591,1,0,0:0:0:0:
256,192,120591,1,0,0:0:0:0:
109,192,120753,1,0,0:0:0:0:
36,192,120753,1,0,0:0:0:0:
256,192,120753,1,0,0:0:0:0:
329,192,120753,1,0,0:0:0:0:
182,192,120916,1,0,0:0:0:0:
109,192,120916,1,0,0:0:0:0:
182,192,121078,1,0,0:0:0:0:
109,192,121078,1,0,0:0:0:0:
182,192,121240,1,0,0:0:0:0:
109,192,121240,1,0,0:0:0:0:
182,192,121402,1,0,0:0:0:0:
109,192,121402,1,0,0:0:0:0:
36,192,121402,1,0,0:0:0:0:
256,192,121402,1,0,0:0:0:0:
329,192,121402,1,0,0:0:0:0:
402,192,121402,1,0,0:0:0:0:
182,192,121564,1,0,0:0:0:0:
109,192,121564,1,0,0:0:0:0:
36,192,121564,1,0,0:0:0:0:
402,192,121564,1,0,0:0:0:0:
329,192,121564,1,0,0:0:0:0:
256,192,121564,1,0,0:0:0:0:
182,192,121726,1,0,0:0:0:0:
109,192,121726,1,0,0:0:0:0:
36,192,121726,1,0,0:0:0:0:
256,192,121726,1,0,0:0:0:0:
402,192,121726,1,0,0:0:0:0:
329,192,121726,1,0,0:0:0:0:
182,192,121889,1,0,0:0:0:0:
109,192,121889,1,0,0:0:0:0:
36,192,121889,1,0,0:0:0:0:
402,192,121889,1,0,0:0:0:0:
329,192,121889,1,0,0:0:0:0:
256,192,121889,1,0,0:0:0:0:
109,192,122051,1,0,0:0:0:0:
36,192,122051,1,0,0:0:0:0:
329,192,122051,1,0,0:0:0:0:
256,192,122051,1,0,0:0:0:0:
402,192,122051,1,0,0:0:0:0:
182,192,122213,1,0,0:0:0:0:
109,192,122213,1,0,0:0:0:0:
182,192,122294,1,0,0:0:0:0:
109,192,122294,1,0,0:0:0:0:
182,192,122375,1,0,0:0:0:0:
109,192,122375,1,0,0:0:0:0:
109,192,122456,1,0,0:0:0:0:
182,192,122537,1,0,0:0:0:0:
109,192,122537,1,0,0:0:0:0:
109,192,122618,1,0,0:0:0:0:
182,192,122699,1,0,0:0:0:0:
109,192,122699,1,0,0:0:0:0:
36,192,122699,1,0,0:0:0:0:
256,192,122699,1,0,0:0:0:0:
329,192,122699,1,0,0:0:0:0:
109,192,122862,1,0,0:0:0:0:
36,192,122862,1,0,0:0:0:0:
329,192,122862,1,0,0:0:0:0:
256,192,122862,1,0,0:0:0:0:
109,192,123024,1,0,0:0:0:0:
36,192,123024,1,0,0:0:0:0:
256,192,123024,1,0,0:0:0:0:
329,192,123024,1,0,0:0:0:0:
109,192,123186,1,0,0:0:0:0:
36,192,123186,1,0,0:0:0:0:
329,192,123186,1,0,0:0:0:0:
256,192,123186,1,0,0:0:0:0:
182,192,123348,1,0,0:0:0:0:
109,192,123348,1,0,0:0:0:0:
36,192,123348,1,0,0:0:0:0:
256,192,123348,1,0,0:0:0:0:
329,192,123348,1,0,0:0:0:0:
109,192,123510,1,0,0:0:0:0:
36,192,123510,1,0,0:0:0:0:
329,192,123510,1,0,0:0:0:0:
256,192,123510,1,0,0:0:0:0:
109,192,123672,1,0,0:0:0:0:
182,192,123835,1,0,0:0:0:0:
109,192,123835,1,0,0:0:0:0:
109,192,123997,1,0,0:0:0:0:
36,192,123997,1,0,0:0:0:0:
256,192,123997,1,0,0:0:0:0:
329,192,123997,1,0,0:0:0:0:
402,192,123997,1,0,0:0:0:0:
182,192,124159,1,0,0:0:0:0:
109,192,124159,1,0,0:0:0:0:
36,192,124159,1,0,0:0:0:0:
402,192,124159,1,0,0:0:0:0:
329,192,124159,1,0,0:0:0:0:
256,192,124159,1,0,0:0:0:0:
182,192,124321,1,0,0:0:0:0:
109,192,124321,1,0,0:0:0:0:
36,192,124321,1,0,0:0:0:0:
256,192,124321,1,0,0:0:0:0:
329,192,124321,1,0,0:0:0:0:
402,192,124321,1,0,0:0:0:0:
182,192,124483,1,0,0:0:0:0:
109,192,124483,1,0,0:0:0:0:
36,192,124483,1,0,0:0:0:0:
402,192,124483,1,0,0:0:0:0:
329,192,124483,1,0,0:0:0:0:
256,192,124483,1,0,0:0:0:0:
182,192,124645,1,0,0:0:0:0:
109,192,124645,1,0,0:0:0:0:
36,192,124645,1,0,0:0:0:0:
256,192,124645,1,0,0:0:0:0:
329,192,124645,1,0,0:0:0:0:
402,192,124645,1,0,0:0:0:0:
109,192,124808,1,0,0:0:0:0:
36,192,124808,1,0,0:0:0:0:
402,192,124808,1,0,0:0:0:0:
329,192,124808,1,0,0:0:0:0:
256,192,124808,1,0,0:0:0:0:
182,192,124970,1,0,0:0:0:0:
109,192,124970,1,0,0:0:0:0:
182,192,125132,1,0,0:0:0:0:
109,192,125132,1,0,0:0:0:0:
182,192,125294,1,0,0:0:0:0:
109,192,125294,1,0,0:0:0:0:
36,192,125294,1,0,0:0:0:0:
256,192,125294,1,0,0:0:0:0:
329,192,125294,1,0,0:0:0:0:
182,192,125375,1,0,0:0:0:0:
182,192,125456,1,0,0:0:0:0:
109,192,125456,1,0,0:0:0:0:
182,192,125537,1,0,0:0:0:0:
36,192,125537,1,0,0:0:0:0:
256,192,125537,1,0,0:0:0:0:
329,192,125537,1,0,0:0:0:0:
182,192,125618,1,0,0:0:0:0:
109,192,125618,1,0,0:0:0:0:
36,192,125618,1,0,0:0:0:0:
329,192,125618,1,0,0:0:0:0:
256,192,125618,1,0,0:0:0:0:
182,192,125699,1,0,0:0:0:0:
256,192,125699,1,0,0:0:0:0:
329,192,125699,1,0,0:0:0:0:
182,192,125781,1,0,0:0:0:0:
109,192,125781,1,0,0:0:0:0:
36,192,125781,1,0,0:0:0:0:
182,192,125862,1,0,0:0:0:0:
256,192,125862,1,0,0:0:0:0:
329,192,125862,1,0,0:0:0:0:
182,192,125943,1,0,0:0:0:0:
109,192,125943,1,0,0:0:0:0:
36,192,125943,1,0,0:0:0:0:
182,192,126024,1,0,0:0:0:0:
182,192,126105,1,0,0:0:0:0:
109,192,126105,1,0,0:0:0:0:
182,192,126186,1,0,0:0:0:0:
182,192,126267,1,0,0:0:0:0:
109,192,126267,1,0,0:0:0:0:
182,192,126348,1,0,0:0:0:0:
182,192,126429,1,0,0:0:0:0:
109,192,126429,1,0,0:0:0:0:
182,192,126510,1,0,0:0:0:0:
182,192,126591,1,0,0:0:0:0:
109,192,126591,1,0,0:0:0:0:
36,192,126591,1,0,0:0:0:0:
256,192,126591,1,0,0:0:0:0:
329,192,126591,1,0,0:0:0:0:
402,192,126591,1,0,0:0:0:0:
109,192,126753,1,0,0:0:0:0:
36,192,126753,1,0,0:0:0:0:
256,192,126753,1,0,0:0:0:0:
329,192,126753,1,0,0:0:0:0:
402,192,126753,1,0,0:0:0:0:
109,192,126916,1,0,0:0:0:0:
36,192,126916,1,0,0:0:0:0:
402,192,126916,1,0,0:0:0:0:
329,192,126916,1,0,0:0:0:0:
256,192,126916,1,0,0:0:0:0:
109,192,127078,1,0,0:0:0:0:
36,192,127078,1,0,0:0:0:0:
256,192,127078,1,0,0:0:0:0:
402,192,127078,1,0,0:0:0:0:
329,192,127078,1,0,0:0:0:0:
182,192,127240,1,0,0:0:0:0:
109,192,127240,1,0,0:0:0:0:
36,192,127240,1,0,0:0:0:0:
402,192,127240,1,0,0:0:0:0:
329,192,127240,1,0,0:0:0:0:
256,192,127240,1,0,0:0:0:0:
109,192,127402,1,0,0:0:0:0:
109,192,127564,1,0,0:0:0:0:
109,192,127726,1,0,0:0:0:0:
182,192,127889,1,0,0:0:0:0:
109,192,127889,1,0,0:0:0:0:
36,192,127889,1,0,0:0:0:0:
109,192,128051,1,0,0:0:0:0:
36,192,128051,1,0,0:0:0:0:
256,192,128213,1,0,0:0:0:0:
329,192,128213,1,0,0:0:0:0:
109,192,128213,1,0,0:0:0:0:
36,192,128213,1,0,0:0:0:0:
109,192,128294,1,0,0:0:0:0:
109,192,128375,1,0,0:0:0:0:
36,192,128375,1,0,0:0:0:0:
256,192,128456,1,0,0:0:0:0:
329,192,128456,1,0,0:0:0:0:
109,192,128456,1,0,0:0:0:0:
109,192,128537,1,0,0:0:0:0:
36,192,128537,1,0,0:0:0:0:
256,192,128618,1,0,0:0:0:0:
329,192,128618,1,0,0:0:0:0:
109,192,128618,1,0,0:0:0:0:
36,192,128699,1,0,0:0:0:0:
109,192,128699,1,0,0:0:0:0:
256,192,128781,1,0,0:0:0:0:
329,192,128781,1,0,0:0:0:0:
109,192,128781,1,0,0:0:0:0:
109,192,128862,1,0,0:0:0:0:
36,192,128862,1,0,0:0:0:0:
109,192,128943,1,0,0:0:0:0:
109,192,129024,1,0,0:0:0:0:
36,192,129024,1,0,0:0:0:0:
109,192,129105,1,0,0:0:0:0:
182,192,129186,1,0,0:0:0:0:
109,192,129186,1,0,0:0:0:0:
36,192,129186,1,0,0:0:0:0:
109,192,129267,1,0,0:0:0:0:
109,192,129348,1,0,0:0:0:0:
36,192,129348,1,0,0:0:0:0:
109,192,129429,1,0,0:0:0:0:
109,192,129510,1,0,0:0:0:0:
36,192,129510,1,0,0:0:0:0:
109,192,129591,1,0,0:0:0:0:
109,192,129672,1,0,0:0:0:0:
36,192,129672,1,0,0:0:0:0:
256,192,129672,1,0,0:0:0:0:
329,192,129672,1,0,0:0:0:0:
109,192,129753,1,0,0:0:0:0:
109,192,129835,1,0,0:0:0:0:
36,192,129835,1,0,0:0:0:0:
109,192,129916,1,0,0:0:0:0:
109,192,129997,1,0,0:0:0:0:
36,192,129997,1,0,0:0:0:0:
256,192,129997,1,0,0:0:0:0:
329,192,129997,1,0,0:0:0:0:
402,192,129997,1,0,0:0:0:0:
109,192,130078,1,0,0:0:0:0:
109,192,130159,1,0,0:0:0:0:
36,192,130159,1,0,0:0:0:0:
109,192,130240,1,0,0:0:0:0:
109,192,130321,1,0,0:0:0:0:
36,192,130321,1,0,0:0:0:0:
109,192,130402,1,0,0:0:0:0:
182,192,130483,1,0,0:0:0:0:
109,192,130483,1,0,0:0:0:0:
36,192,130483,1,0,0:0:0:0:
256,192,130483,1,0,0:0:0:0:
329,192,130483,1,0,0:0:0:0:
402,192,130483,1,0,0:0:0:0:
475,192,130483,1,0,0:0:0:0:
109,192,130564,1,0,0:0:0:0:
109,192,130645,1,0,0:0:0:0:
36,192,130645,1,0,0:0:0:0:
109,192,130726,1,0,0:0:0:0:
109,192,130808,1,0,0:0:0:0:
36,192,130808,1,0,0:0:0:0:
109,192,130889,1,0,0:0:0:0:
109,192,130970,1,0,0:0:0:0:
36,192,130970,1,0,0:0:0:0:
109,192,131051,1,0,0:0:0:0:
109,192,131132,1,0,0:0:0:0:
36,192,131132,1,0,0:0:0:0:
109,192,131213,1,0,0:0:0:0:
109,192,131294,1,0,0:0:0:0:
36,192,131294,1,0,0:0:0:0:
109,192,131375,1,0,0:0:0:0:
109,192,131456,1,0,0:0:0:0:
36,192,131456,1,0,0:0:0:0:
109,192,131537,1,0,0:0:0:0:
109,192,131618,1,0,0:0:0:0:
36,192,131618,1,0,0:0:0:0:
109,192,131699,1,0,0:0:0:0:
182,192,131781,1,0,0:0:0:0:
109,192,131781,1,0,0:0:0:0:
36,192,131781,1,0,0:0:0:0:
256,192,131781,1,0,0:0:0:0:
329,192,131781,1,0,0:0:0:0:
402,192,131781,1,0,0:0:0:0:
475,192,131781,1,0,0:0:0:0:
109,192,131862,1,0,0:0:0:0:
109,192,131943,1,0,0:0:0:0:
36,192,131943,1,0,0:0:0:0:
109,192,132024,1,0,0:0:0:0:
109,192,132105,1,0,0:0:0:0:
36,192,132105,1,0,0:0:0:0:
109,192,132186,1,0,0:0:0:0:
109,192,132267,1,0,0:0:0:0:
36,192,132267,1,0,0:0:0:0:
109,192,132348,1,0,0:0:0:0:
109,192,132429,1,0,0:0:0:0:
36,192,132429,1,0,0:0:0:0:
109,192,132510,1,0,0:0:0:0:
109,192,132591,1,0,0:0:0:0:
36,192,132591,1,0,0:0:0:0:
109,192,132672,1,0,0:0:0:0:
109,192,132753,1,0,0:0:0:0:
36,192,132753,1,0,0:0:0:0:
109,192,132835,1,0,0:0:0:0:
109,192,132916,1,0,0:0:0:0:
36,192,132916,1,0,0:0:0:0:
109,192,132997,1,0,0:0:0:0:
182,192,133078,1,0,0:0:0:0:
109,192,133078,1,0,0:0:0:0:
36,192,133078,1,0,0:0:0:0:
256,192,133078,1,0,0:0:0:0:
329,192,133078,1,0,0:0:0:0:
402,192,133078,1,0,0:0:0:0:
475,192,133078,1,0,0:0:0:0:
109,192,133159,1,0,0:0:0:0:
109,192,133240,1,0,0:0:0:0:
36,192,133240,1,0,0:0:0:0:
109,192,133321,1,0,0:0:0:0:
109,192,133402,1,0,0:0:0:0:
36,192,133402,1,0,0:0:0:0:
109,192,133483,1,0,0:0:0:0:
109,192,133564,1,0,0:0:0:0:
36,192,133564,1,0,0:0:0:0:
109,192,133645,1,0,0:0:0:0:
109,192,133726,1,0,0:0:0:0:
36,192,133726,1,0,0:0:0:0:
256,192,133726,1,0,0:0:0:0:
329,192,133726,1,0,0:0:0:0:
402,192,133726,1,0,0:0:0:0:
475,192,133726,1,0,0:0:0:0:
109,192,133808,1,0,0:0:0:0:
109,192,133889,1,0,0:0:0:0:
36,192,133889,1,0,0:0:0:0:
109,192,133970,1,0,0:0:0:0:
109,192,134051,1,0,0:0:0:0:
36,192,134051,1,0,0:0:0:0:
109,192,134132,1,0,0:0:0:0:
109,192,134213,1,0,0:0:0:0:
36,192,134213,1,0,0:0:0:0:
109,192,134294,1,0,0:0:0:0:
182,192,134375,1,0,0:0:0:0:
109,192,134375,1,0,0:0:0:0:
36,192,134375,1,0,0:0:0:0:
256,192,134375,1,0,0:0:0:0:
182,192,134456,1,0,0:0:0:0:
109,192,134456,1,0,0:0:0:0:
256,192,134456,1,0,0:0:0:0:
182,192,134537,1,0,0:0:0:0:
109,192,134537,1,0,0:0:0:0:
36,192,134537,1,0,0:0:0:0:
256,192,134537,1,0,0:0:0:0:
182,192,134618,1,0,0:0:0:0:
109,192,134618,1,0,0:0:0:0:
256,192,134618,1,0,0:0:0:0:
182,192,134699,1,0,0:0:0:0:
109,192,134699,1,0,0:0:0:0:
36,192,134699,1,0,0:0:0:0:
256,192,134699,1,0,0:0:0:0:
182,192,134781,1,0,0:0:0:0:
109,192,134781,1,0,0:0:0:0:
256,192,134781,1,0,0:0:0:0:
182,192,134862,1,0,0:0:0:0:
109,192,134862,1,0,0:0:0:0:
36,192,134862,1,0,0:0:0:0:
256,192,134862,1,0,0:0:0:0:
182,192,134943,1,0,0:0:0:0:
109,192,134943,1,0,0:0:0:0:
256,192,134943,1,0,0:0:0:0:
182,192,135024,1,0,0:0:0:0:
109,192,135024,1,0,0:0:0:0:
36,192,135024,1,0,0:0:0:0:
256,192,135024,1,0,0:0:0:0:
182,192,136321,1,0,0:0:0:0:
36,192,136321,1,0,0:0:0:0:
256,192,136321,1,0,0:0:0:0:
36,192,136402,1,0,0:0:0:0:
256,192,136402,1,0,0:0:0:0:
36,192,136483,1,0,0:0:0:0:
256,192,136483,1,0,0:0:0:0:
36,192,136564,1,0,0:0:0:0:
256,192,136564,1,0,0:0:0:0:
36,192,136645,1,0,0:0:0:0:
256,192,136645,1,0,0:0:0:0:
36,192,136726,1,0,0:0:0:0:
256,192,136726,1,0,0:0:0:0:
36,192,136808,1,0,0:0:0:0:
256,192,136808,1,0,0:0:0:0:
36,192,136889,1,0,0:0:0:0:
256,192,136889,1,0,0:0:0:0:
36,192,136970,1,0,0:0:0:0:
256,192,136970,1,0,0:0:0:0:
36,192,137051,1,0,0:0:0:0:
256,192,137051,1,0,0:0:0:0:
36,192,137132,1,0,0:0:0:0:
256,192,137132,1,0,0:0:0:0:
36,192,137213,1,0,0:0:0:0:
256,192,137213,1,0,0:0:0:0:
36,192,137294,1,0,0:0:0:0:
256,192,137294,1,0,0:0:0:0:
36,192,137375,1,0,0:0:0:0:
256,192,137375,1,0,0:0:0:0:
36,192,137456,1,0,0:0:0:0:
256,192,137456,1,0,0:0:0:0:
36,192,137537,1,0,0:0:0:0:
256,192,137537,1,0,0:0:0:0:
36,192,137618,1,0,0:0:0:0:
256,192,137618,1,0,0:0:0:0:
36,192,137699,1,0,0:0:0:0:
256,192,137699,1,0,0:0:0:0:
36,192,137781,1,0,0:0:0:0:
256,192,137781,1,0,0:0:0:0:
36,192,137862,1,0,0:0:0:0:
256,192,137862,1,0,0:0:0:0:
36,192,137943,1,0,0:0:0:0:
256,192,137943,1,0,0:0:0:0:
36,192,138024,1,0,0:0:0:0:
256,192,138024,1,0,0:0:0:0:
36,192,138105,1,0,0:0:0:0:
256,192,138105,1,0,0:0:0:0:
36,192,138186,1,0,0:0:0:0:
256,192,138186,1,0,0:0:0:0:
36,192,138267,1,0,0:0:0:0:
256,192,138267,1,0,0:0:0:0:
36,192,138348,1,0,0:0:0:0:
256,192,138348,1,0,0:0:0:0:
36,192,138429,1,0,0:0:0:0:
256,192,138429,1,0,0:0:0:0:
36,192,138510,1,0,0:0:0:0:
256,192,138510,1,0,0:0:0:0:
36,192,138591,1,0,0:0:0:0:
256,192,138591,1,0,0:0:0:0:
36,192,138672,1,0,0:0:0:0:
256,192,138672,1,0,0:0:0:0:
36,192,138753,1,0,0:0:0:0:
256,192,138753,1,0,0:0:0:0:
36,192,138835,1,0,0:0:0:0:
256,192,138835,1,0,0:0:0:0:
36,192,138916,1,0,0:0:0:0:
256,192,138916,1,0,0:0:0:0: