109,192,0,1,0,0:0:0:0:
329,192,0,1,0,0:0:0:0:
182,192,0,1,0,0:0:0:0:
256,192,0,1,0,0:0:0:0:
402,192,0,1,0,0:0:0:0:
475,192,0,1,0,0:0:0:0:
36,192,0,1,0,0:0:0:0:
109,192,150,1,0,0:0:0:0:
109,192,300,1,0,0:0:0:0:
329,192,300,1,0,0:0:0:0:
182,192,300,1,0,0:0:0:0:
256,192,300,1,0,0:0:0:0:
402,192,300,1,0,0:0:0:0:
36,192,300,1,0,0:0:0:0:
109,192,450,1,0,0:0:0:0:
109,192,600,1,0,0:0:0:0:
329,192,600,1,0,0:0:0:0:
182,192,600,1,0,0:0:0:0:
256,192,600,1,0,0:0:0:0:
402,192,600,1,0,0:0:0:0:
36,192,600,1,0,0:0:0:0:
109,192,750,1,0,0:0:0:0:
109,192,900,1,0,0:0:0:0:
329,192,900,1,0,0:0:0:0:
182,192,900,1,0,0:0:0:0:
256,192,900,1,0,0:0:0:0:
109,192,1050,1,0,0:0:0:0:
329,192,1050,1,0,0:0:0:0:
182,192,1050,1,0,0:0:0:0:
256,192,1050,1,0,0:0:0:0:
109,192,1200,1,0,0:0:0:0:
36,192,1200,1,0,0:0:0:0:
109,192,1350,1,0,0:0:0:0:
329,192,1350,1,0,0:0:0:0:
182,192,1350,1,0,0:0:0:0:
256,192,1350,1,0,0:0:0:0:
109,192,1500,1,0,0:0:0:0:
329,192,1500,1,0,0:0:0:0:
182,192,1500,1,0,0:0:0:0:
256,192,1500,1,0,0:0:0:0:
36,192,1500,1,0,0:0:0:0:
109,192,1650,1,0,0:0:0:0:
329,192,1650,1,0,0:0:0:0:
182,192,1650,1,0,0:0:0:0:
256,192,1650,1,0,0:0:0:0:
109,192,1800,1,0,0:0:0:0:
329,192,1800,1,0,0:0:0:0:
182,192,1800,1,0,0:0:0:0:
256,192,1800,1,0,0:0:0:0:
36,192,1800,1,0,0:0:0:0:
109,192,1950,1,0,0:0:0:0:
329,192,1950,1,0,0:0:0:0:
182,192,1950,1,0,0:0:0:0:
256,192,1950,1,0,0:0:0:0:
109,192,2100,1,0,0:0:0:0:
329,192,2100,1,0,0:0:0:0:
182,192,2100,1,0,0:0:0:0:
256,192,2100,1,0,0:0:0:0:
36,192,2100,1,0,0:0:0:0:
109,192,2250,1,0,0:0:0:0:
329,192,2250,1,0,0:0:0:0:
182,192,2250,1,0,0:0:0:0:
256,192,2250,1,0,0:0:0:0:
109,192,2400,1,0,0:0:0:0:
329,192,2400,1,0,0:0:0:0:
182,192,2400,1,0,0:0:0:0:
256,192,2400,1,0,0:0:0:0:
402,192,2400,1,0,0:0:0:0:
475,192,2400,1,0,0:0:0:0:
36,192,2400,1,0,0:0:0:0:
109,192,2550,1,0,0:0:0:0:
109,192,2700,1,0,0:0:0:0:
329,192,2700,1,0,0:0:0:0:
182,192,2700,1,0,0:0:0:0:
256,192,2700,1,0,0:0:0:0:
402,192,2700,1,0,0:0:0:0:
36,192,2700,1,0,0:0:0:0:
109,192,2850,1,0,0:0:0:0:
109,192,3000,1,0,0:0:0:0:
329,192,3000,1,0,0:0:0:0:
182,192,3000,1,0,0:0:0:0:
256,192,3000,1,0,0:0:0:0:
402,192,3000,1,0,0:0:0:0:
36,192,3000,1,0,0:0:0:0:
109,192,3150,1,0,0:0:0:0:
109,192,3300,1,0,0:0:0:0:
329,192,3300,1,0,0:0:0:0:
182,192,3300,1,0,0:0:0:0:
256,192,3300,1,0,0:0:0:0:
109,192,3450,1,0,0:0:0:0:
329,192,3450,1,0,0:0:0:0:
182,192,3450,1,0,0:0:0:0:
256,192,3450,1,0,0:0:0:0:
109,192,3600,1,0,0:0:0:0:
36,192,3600,1,0,0:0:0:0:
109,192,3750,1,0,0:0:0:0:
329,192,3750,1,0,0:0:0:0:
182,192,3750,1,0,0:0:0:0:
256,192,3750,1,0,0:0:0:0:
109,192,3900,1,0,0:0:0:0:
329,192,3900,1,0,0:0:0:0:
182,192,3900,1,0,0:0:0:0:
256,192,3900,1,0,0:0:0:0:
36,192,3900,1,0,0:0:0:0:
109,192,4050,1,0,0:0:0:0:
329,192,4050,1,0,0:0:0:0:
182,192,4050,1,0,0:0:0:0:
256,192,4050,1,0,0:0:0:0:
109,192,4200,1,0,0:0:0:0:
329,192,4200,1,0,0:0:0:0:
182,192,4200,1,0,0:0:0:0:
256,192,4200,1,0,0:0:0:0:
36,192,4200,1,0,0:0:0:0:
109,192,4350,1,0,0:0:0:0:
329,192,4350,1,0,0:0:0:0:
182,192,4350,1,0,0:0:0:0:
256,192,4350,1,0,0:0:0:0:
109,192,4500,1,0,0:0:0:0:
329,192,4500,1,0,0:0:0:0:
182,192,4500,1,0,0:0:0:0:
256,192,4500,1,0,0:0:0:0:
36,192,4500,1,0,0:0:0:0:
109,192,4650,1,0,0:0:0:0:
329,192,4650,1,0,0:0:0:0:
182,192,4650,1,0,0:0:0:0:
256,192,4650,1,0,0:0:0:0:
109,192,4800,1,0,0:0:0:0:
329,192,4800,1,0,0:0:0:0:
182,192,4800,1,0,0:0:0:0:
256,192,4800,1,0,0:0:0:0:
402,192,4800,1,0,0:0:0:0:
475,192,4800,1,0,0:0:0:0:
36,192,4800,1,0,0:0:0:0:
109,192,4950,1,0,0:0:0:0:
109,192,5100,1,0,0:0:0:0:
329,192,5100,1,0,0:0:0:0:
182,192,5100,1,0,0:0:0:0:
256,192,5100,1,0,0:0:0:0:
402,192,5100,1,0,0:0:0:0:
36,192,5100,1,0,0:0:0:0:
109,192,5250,1,0,0:0:0:0:
109,192,5400,1,0,0:0:0:0:
329,192,5400,1,0,0:0:0:0:
182,192,5400,1,0,0:0:0:0:
256,192,5400,1,0,0:0:0:0:
402,192,5400,1,0,0:0:0:0:
36,192,5400,1,0,0:0:0:0:
109,192,5550,1,0,0:0:0:0:
109,192,5700,1,0,0:0:0:0:
329,192,5700,1,0,0:0:0:0:
182,192,5700,1,0,0:0:0:0:
256,192,5700,1,0,0:0:0:0:
109,192,5850,1,0,0:0:0:0:
329,192,5850,1,0,0:0:0:0:
182,192,5850,1,0,0:0:0:0:
256,192,5850,1,0,0:0:0:0:
109,192,6000,1,0,0:0:0:0:
36,192,6000,1,0,0:0:0:0:
109,192,6150,1,0,0:0:0:0:
329,192,6150,1,0,0:0:0:0:
182,192,6150,1,0,0:0:0:0:
256,192,6150,1,0,0:0:0:0:
109,192,6300,1,0,0:0:0:0:
329,192,6300,1,0,0:0:0:0:
182,192,6300,1,0,0:0:0:0:
256,192,6300,1,0,0:0:0:0:
36,192,6300,1,0,0:0:0:0:
109,192,6450,1,0,0:0:0:0:
329,192,6450,1,0,0:0:0:0:
182,192,6450,1,0,0:0:0:0:
256,192,6450,1,0,0:0:0:0:
109,192,6600,1,0,0:0:0:0:
329,192,6600,1,0,0:0:0:0:
182,192,6600,1,0,0:0:0:0:
256,192,6600,1,0,0:0:0:0:
36,192,6600,1,0,0:0:0:0:
109,192,6750,1,0,0:0:0:0:
329,192,6750,1,0,0:0:0:0:
182,192,6750,1,0,0:0:0:0:
256,192,6750,1,0,0:0:0:0:
109,192,6900,1,0,0:0:0:0:
329,192,6900,1,0,0:0:0:0:
182,192,6900,1,0,0:0:0:0:
256,192,6900,1,0,0:0:0:0:
36,192,6900,1,0,0:0:0:0:
109,192,7050,1,0,0:0:0:0:
329,192,7050,1,0,0:0:0:0:
182,192,7050,1,0,0:0:0:0:
256,192,7050,1,0,0:0:0:0:
109,192,7200,1,0,0:0:0:0:
329,192,7200,1,0,0:0:0:0:
182,192,7200,1,0,0:0:0:0:
256,192,7200,1,0,0:0:0:0:
402,192,7200,1,0,0:0:0:0:
475,192,7200,1,0,0:0:0:0:
36,192,7200,1,0,0:0:0:0:
109,192,7350,1,0,0:0:0:0:
109,192,7500,1,0,0:0:0:0:
329,192,7500,1,0,0:0:0:0:
182,192,7500,1,0,0:0:0:0:
256,192,7500,1,0,0:0:0:0:
402,192,7500,1,0,0:0:0:0:
36,192,7500,1,0,0:0:0:0:
109,192,7650,1,0,0:0:0:0:
109,192,7800,1,0,0:0:0:0:
329,192,7800,1,0,0:0:0:0:
182,192,7800,1,0,0:0:0:0:
256,192,7800,1,0,0:0:0:0:
402,192,7800,1,0,0:0:0:0:
36,192,7800,1,0,0:0:0:0:
109,192,7950,1,0,0:0:0:0:
109,192,8100,1,0,0:0:0:0:
329,192,8100,1,0,0:0:0:0:
182,192,8100,1,0,0:0:0:0:
256,192,8100,1,0,0:0:0:0:
109,192,8250,1,0,0:0:0:0:
329,192,8250,1,0,0:0:0:0:
182,192,8250,1,0,0:0:0:0:
256,192,8250,1,0,0:0:0:0:
109,192,8400,1,0,0:0:0:0:
36,192,8400,1,0,0:0:0:0:
109,192,8550,1,0,0:0:0:0:
329,192,8550,1,0,0:0:0:0:
182,192,8550,1,0,0:0:0:0:
256,192,8550,1,0,0:0:0:0:
109,192,8700,1,0,0:0:0:0:
329,192,8700,1,0,0:0:0:0:
182,192,8700,1,0,0:0:0:0:
256,192,8700,1,0,0:0:0:0:
36,192,8700,1,0,0:0:0:0:
109,192,8850,1,0,0:0:0:0:
329,192,8850,1,0,0:0:0:0:
182,192,8850,1,0,0:0:0:0:
256,192,8850,1,0,0:0:0:0:
109,192,9000,1,0,0:0:0:0:
329,192,9000,1,0,0:0:0:0:
182,192,9000,1,0,0:0:0:0:
256,192,9000,1,0,0:0:0:0:
36,192,9000,1,0,0:0:0:0:
109,192,9150,1,0,0:0:0:0:
329,192,9150,1,0,0:0:0:0:
182,192,9150,1,0,0:0:0:0:
256,192,9150,1,0,0:0:0:0:
109,192,9300,1,0,0:0:0:0:
329,192,9300,1,0,0:0:0:0:
182,192,9300,1,0,0:0:0:0:
256,192,9300,1,0,0:0:0:0:
36,192,9300,1,0,0:0:0:0:
109,192,9450,1,0,0:0:0:0:
329,192,9450,1,0,0:0:0:0:
182,192,9450,1,0,0:0:0:0:
256,192,9450,1,0,0:0:0:0:
109,192,9600,1,0,0:0:0:0:
329,192,9600,1,0,0:0:0:0:
182,192,9600,1,0,0:0:0:0:
256,192,9600,1,0,0:0:0:0:
402,192,9600,1,0,0:0:0:0:
475,192,9600,1,0,0:0:0:0:
36,192,9600,1,0,0:0:0:0:
109,192,9750,1,0,0:0:0:0:
109,192,9900,1,0,0:0:0:0:
329,192,9900,1,0,0:0:0:0:
182,192,9900,1,0,0:0:0:0:
256,192,9900,1,0,0:0:0:0:
402,192,9900,1,0,0:0:0:0:
36,192,9900,1,0,0:0:0:0:
109,192,10050,1,0,0:0:0:0:
109,192,10200,1,0,0:0:0:0:
329,192,10200,1,0,0:0:0:0:
182,192,10200,1,0,0:0:0:0:
256,192,10200,1,0,0:0:0:0:
36,192,10200,1,0,0:0:0:0:
109,192,10350,1,0,0:0:0:0:
109,192,10500,1,0,0:0:0:0:
329,192,10500,1,0,0:0:0:0:
182,192,10500,1,0,0:0:0:0:
256,192,10500,1,0,0:0:0:0:
109,192,10650,1,0,0:0:0:0:
329,192,10650,1,0,0:0:0:0:
182,192,10650,1,0,0:0:0:0:
256,192,10650,1,0,0:0:0:0:
109,192,10800,1,0,0:0:0:0:
36,192,10800,1,0,0:0:0:0:
109,192,10950,1,0,0:0:0:0:
329,192,10950,1,0,0:0:0:0:
182,192,10950,1,0,0:0:0:0:
256,192,10950,1,0,0:0:0:0:
109,192,11100,1,0,0:0:0:0:
329,192,11100,1,0,0:0:0:0:
182,192,11100,1,0,0:0:0:0:
256,192,11100,1,0,0:0:0:0:
36,192,11100,1,0,0:0:0:0:
109,192,11250,1,0,0:0:0:0:
329,192,11250,1,0,0:0:0:0:
182,192,11250,1,0,0:0:0:0:
256,192,11250,1,0,0:0:0:0:
109,192,11400,1,0,0:0:0:0:
329,192,11400,1,0,0:0:0:0:
182,192,11400,1,0,0:0:0:0:
256,192,11400,1,0,0:0:0:0:
36,192,11400,1,0,0:0:0:0:
109,192,11550,1,0,0:0:0:0:
329,192,11550,1,0,0:0:0:0:
182,192,11550,1,0,0:0:0:0:
256,192,11550,1,0,0:0:0:0:
109,192,11700,1,0,0:0:0:0:
329,192,11700,1,0,0:0:0:0:
182,192,11700,1,0,0:0:0:0:
256,192,11700,1,0,0:0:0:0:
36,192,11700,1,0,0:0:0:0:
109,192,11850,1,0,0:0:0:0:
329,192,11850,1,0,0:0:0:0:
182,192,11850,1,0,0:0:0:0:
256,192,11850,1,0,0:0:0:0:
109,192,12000,1,0,0:0:0:0:
329,192,12000,1,0,0:0:0:0:
182,192,12000,1,0,0:0:0:0:
256,192,12000,1,0,0:0:0:0:
402,192,12000,1,0,0:0:0:0:
475,192,12000,1,0,0:0:0:0:
36,192,12000,1,0,0:0:0:0:
109,192,12150,1,0,0:0:0:0:
109,192,12300,1,0,0:0:0:0:
329,192,12300,1,0,0:0:0:0:
182,192,12300,1,0,0:0:0:0:
256,192,12300,1,0,0:0:0:0:
402,192,12300,1,0,0:0:0:0:
36,192,12300,1,0,0:0:0:0:
109,192,12450,1,0,0:0:0:0:
109,192,12600,1,0,0:0:0:0:
329,192,12600,1,0,0:0:0:0:
182,192,12600,1,0,0:0:0:0:
256,192,12600,1,0,0:0:0:0:
36,192,12600,1,0,0:0:0:0:
109,192,12750,1,0,0:0:0:0:
109,192,12900,1,0,0:0:0:0:
329,192,12900,1,0,0:0:0:0:
182,192,12900,1,0,0:0:0:0:
256,192,12900,1,0,0:0:0:0:
109,192,13050,1,0,0:0:0:0:
329,192,13050,1,0,0:0:0:0:
182,192,13050,1,0,0:0:0:0:
256,192,13050,1,0,0:0:0:0:
109,192,13200,1,0,0:0:0:0:
36,192,13200,1,0,0:0:0:0:
109,192,13350,1,0,0:0:0:0:
329,192,13350,1,0,0:0:0:0:
182,192,13350,1,0,0:0:0:0:
256,192,13350,1,0,0:0:0:0:
109,192,13500,1,0,0:0:0:0:
329,192,13500,1,0,0:0:0:0:
182,192,13500,1,0,0:0:0:0:
256,192,13500,1,0,0:0:0:0:
36,192,13500,1,0,0:0:0:0:
109,192,13650,1,0,0:0:0:0:
329,192,13650,1,0,0:0:0:0:
182,192,13650,1,0,0:0:0:0:
256,192,13650,1,0,0:0:0:0:
109,192,13800,1,0,0:0:0:0:
329,192,13800,1,0,0:0:0:0:
182,192,13800,1,0,0:0:0:0:
256,192,13800,1,0,0:0:0:0:
36,192,13800,1,0,0:0:0:0:
109,192,13950,1,0,0:0:0:0:
329,192,13950,1,0,0:0:0:0:
182,192,13950,1,0,0:0:0:0:
256,192,13950,1,0,0:0:0:0:
109,192,14100,1,0,0:0:0:0:
329,192,14100,1,0,0:0:0:0:
182,192,14100,1,0,0:0:0:0:
256,192,14100,1,0,0:0:0:0:
36,192,14100,1,0,0:0:0:0:
109,192,14250,1,0,0:0:0:0:
329,192,14250,1,0,0:0:0:0:
182,192,14250,1,0,0:0:0:0:
256,192,14250,1,0,0:0:0:0:
109,192,14400,1,0,0:0:0:0:
329,192,14400,1,0,0:0:0:0:
182,192,14400,1,0,0:0:0:0:
256,192,14400,1,0,0:0:0:0:
402,192,14400,1,0,0:0:0:0:
475,192,14400,1,0,0:0:0:0:
36,192,14400,1,0,0:0:0:0:
109,192,14550,1,0,0:0:0:0:
109,192,14700,1,0,0:0:0:0:
329,192,14700,1,0,0:0:0:0:
182,192,14700,1,0,0:0:0:0:
256,192,14700,1,0,0:0:0:0:
402,192,14700,1,0,0:0:0:0:
36,192,14700,1,0,0:0:0:0:
109,192,14850,1,0,0:0:0:0:
109,192,15000,1,0,0:0:0:0:
329,192,15000,1,0,0:0:0:0:
182,192,15000,1,0,0:0:0:0:
256,192,15000,1,0,0:0:0:0:
402,192,15000,1,0,0:0:0:0:
36,192,15000,1,0,0:0:0:0:
109,192,15150,1,0,0:0:0:0:
109,192,15300,1,0,0:0:0:0:
329,192,15300,1,0,0:0:0:0:
182,192,15300,1,0,0:0:0:0:
256,192,15300,1,0,0:0:0:0:
109,192,15450,1,0,0:0:0:0:
329,192,15450,1,0,0:0:0:0:
182,192,15450,1,0,0:0:0:0:
256,192,15450,1,0,0:0:0:0:
109,192,15600,1,0,0:0:0:0:
36,192,15600,1,0,0:0:0:0:
109,192,15750,1,0,0:0:0:0:
329,192,15750,1,0,0:0:0:0:
182,192,15750,1,0,0:0:0:0:
256,192,15750,1,0,0:0:0:0:
109,192,15900,1,0,0:0:0:0:
329,192,15900,1,0,0:0:0:0:
182,192,15900,1,0,0:0:0:0:
256,192,15900,1,0,0:0:0:0:
36,192,15900,1,0,0:0:0:0:
109,192,16050,1,0,0:0:0:0:
329,192,16050,1,0,0:0:0:0:
182,192,16050,1,0,0:0:0:0:
256,192,16050,1,0,0:0:0:0:
109,192,16200,1,0,0:0:0:0:
329,192,16200,1,0,0:0:0:0:
182,192,16200,1,0,0:0:0:0:
256,192,16200,1,0,0:0:0:0:
36,192,16200,1,0,0:0:0:0:
109,192,16350,1,0,0:0:0:0:
329,192,16350,1,0,0:0:0:0:
182,192,16350,1,0,0:0:0:0:
256,192,16350,1,0,0:0:0:0:
109,192,16500,1,0,0:0:0:0:
329,192,16500,1,0,0:0:0:0:
182,192,16500,1,0,0:0:0:0:
256,192,16500,1,0,0:0:0:0:
36,192,16500,1,0,0:0:0:0:
109,192,16650,1,0,0:0:0:0:
329,192,16650,1,0,0:0:0:0:
182,192,16650,1,0,0:0:0:0:
256,192,16650,1,0,0:0:0:0:
109,192,16800,1,0,0:0:0:0:
329,192,16800,1,0,0:0:0:0:
182,192,16800,1,0,0:0:0:0:
256,192,16800,1,0,0:0:0:0:
402,192,16800,1,0,0:0:0:0:
475,192,16800,1,0,0:0:0:0:
36,192,16800,1,0,0:0:0:0:
109,192,16950,1,0,0:0:0:0:
109,192,17100,1,0,0:0:0:0:
329,192,17100,1,0,0:0:0:0:
182,192,17100,1,0,0:0:0:0:
256,192,17100,1,0,0:0:0:0:
402,192,17100,1,0,0:0:0:0:
36,192,17100,1,0,0:0:0:0:
109,192,17250,1,0,0:0:0:0:
109,192,17400,1,0,0:0:0:0:
329,192,17400,1,0,0:0:0:0:
182,192,17400,1,0,0:0:0:0:
256,192,17400,1,0,0:0:0:0:
402,192,17400,1,0,0:0:0:0:
36,192,17400,1,0,0:0:0:0:
109,192,17550,1,0,0:0:0:0:
109,192,17700,1,0,0:0:0:0:
329,192,17700,1,0,0:0:0:0:
182,192,17700,1,0,0:0:0:0:
256,192,17700,1,0,0:0:0:0:
109,192,17850,1,0,0:0:0:0:
329,192,17850,1,0,0:0:0:0:
182,192,17850,1,0,0:0:0:0:
256,192,17850,1,0,0:0:0:0:
109,192,18000,1,0,0:0:0:0:
36,192,18000,1,0,0:0:0:0:
109,192,18150,1,0,0:0:0:0:
329,192,18150,1,0,0:0:0:0:
182,192,18150,1,0,0:0:0:0:
256,192,18150,1,0,0:0:0:0:
109,192,18300,1,0,0:0:0:0:
329,192,18300,1,0,0:0:0:0:
182,192,18300,1,0,0:0:0:0:
256,192,18300,1,0,0:0:0:0:
36,192,18300,1,0,0:0:0:0:
109,192,18450,1,0,0:0:0:0:
329,192,18450,1,0,0:0:0:0:
182,192,18450,1,0,0:0:0:0:
256,192,18450,1,0,0:0:0:0:
109,192,18600,1,0,0:0:0:0:
329,192,18600,1,0,0:0:0:0:
182,192,18600,1,0,0:0:0:0:
256,192,18600,1,0,0:0:0:0:
36,192,18600,1,0,0:0:0:0:
109,192,18750,1,0,0:0:0:0:
329,192,18750,1,0,0:0:0:0:
182,192,18750,1,0,0:0:0:0:
256,192,18750,1,0,0:0:0:0:
109,192,18900,1,0,0:0:0:0:
329,192,18900,1,0,0:0:0:0:
182,192,18900,1,0,0:0:0:0:
256,192,18900,1,0,0:0:0:0:
36,192,18900,1,0,0:0:0:0:
109,192,19050,1,0,0:0:0:0:
329,192,19050,1,0,0:0:0:0:
182,192,19050,1,0,0:0:0:0:
256,192,19050,1,0,0:0:0:0:
109,192,19200,1,0,0:0:0:0:
329,192,19200,1,0,0:0:0:0:
182,192,19200,1,0,0:0:0:0:
256,192,19200,1,0,0:0:0:0:
402,192,19200,1,0,0:0:0:0:
475,192,19200,1,0,0:0:0:0:
36,192,19200,1,0,0:0:0:0:
109,192,19350,1,0,0:0:0:0:
109,192,19500,1,0,0:0:0:0:
36,192,19500,1,0,0:0:0:0:
109,192,19650,1,0,0:0:0:0:
109,192,19800,1,0,0:0:0:0:
329,192,19800,1,0,0:0:0:0:
182,192,19800,1,0,0:0:0:0:
256,192,19800,1,0,0:0:0:0:
402,192,19800,1,0,0:0:0:0:
475,192,19800,1,0,0:0:0:0:
36,192,19800,1,0,0:0:0:0:
109,192,19950,1,0,0:0:0:0:
109,192,20100,1,0,0:0:0:0:
109,192,20250,1,0,0:0:0:0:
329,192,20250,1,0,0:0:0:0:
182,192,20250,1,0,0:0:0:0:
256,192,20250,1,0,0:0:0:0:
402,192,20250,1,0,0:0:0:0:
109,192,20400,1,0,0:0:0:0:
36,192,20400,1,0,0:0:0:0:
109,192,20550,1,0,0:0:0:0:
329,192,20550,1,0,0:0:0:0:
182,192,20550,1,0,0:0:0:0:
256,192,20550,1,0,0:0:0:0:
402,192,20550,1,0,0:0:0:0:
109,192,20700,1,0,0:0:0:0:
36,192,20700,1,0,0:0:0:0:
109,192,20850,1,0,0:0:0:0:
329,192,20850,1,0,0:0:0:0:
182,192,20850,1,0,0:0:0:0:
256,192,20850,1,0,0:0:0:0:
402,192,20850,1,0,0:0:0:0:
109,192,21000,1,0,0:0:0:0:
36,192,21000,1,0,0:0:0:0:
109,192,21150,1,0,0:0:0:0:
329,192,21150,1,0,0:0:0:0:
182,192,21150,1,0,0:0:0:0:
256,192,21150,1,0,0:0:0:0:
109,192,21300,1,0,0:0:0:0:
329,192,21300,1,0,0:0:0:0:
182,192,21300,1,0,0:0:0:0:
256,192,21300,1,0,0:0:0:0:
36,192,21300,1,0,0:0:0:0:
109,192,21450,1,0,0:0:0:0:
109,192,21600,1,0,0:0:0:0:
329,192,21600,1,0,0:0:0:0:
182,192,21600,1,0,0:0:0:0:
256,192,21600,1,0,0:0:0:0:
402,192,21600,1,0,0:0:0:0:
475,192,21600,1,0,0:0:0:0:
36,192,21600,1,0,0:0:0:0:
109,192,21750,1,0,0:0:0:0:
109,192,21900,1,0,0:0:0:0:
36,192,21900,1,0,0:0:0:0:
109,192,22050,1,0,0:0:0:0:
109,192,22200,1,0,0:0:0:0:
329,192,22200,1,0,0:0:0:0:
182,192,22200,1,0,0:0:0:0:
256,192,22200,1,0,0:0:0:0:
402,192,22200,1,0,0:0:0:0:
475,192,22200,1,0,0:0:0:0:
36,192,22200,1,0,0:0:0:0:
109,192,22350,1,0,0:0:0:0:
109,192,22500,1,0,0:0:0:0:
109,192,22650,1,0,0:0:0:0:
329,192,22650,1,0,0:0:0:0:
182,192,22650,1,0,0:0:0:0:
256,192,22650,1,0,0:0:0:0:
402,192,22650,1,0,0:0:0:0:
109,192,22800,1,0,0:0:0:0:
36,192,22800,1,0,0:0:0:0:
109,192,22950,1,0,0:0:0:0:
329,192,22950,1,0,0:0:0:0:
182,192,22950,1,0,0:0:0:0:
256,192,22950,1,0,0:0:0:0:
402,192,22950,1,0,0:0:0:0:
109,192,23100,1,0,0:0:0:0:
36,192,23100,1,0,0:0:0:0:
109,192,23250,1,0,0:0:0:0:
329,192,23250,1,0,0:0:0:0:
182,192,23250,1,0,0:0:0:0:
256,192,23250,1,0,0:0:0:0:
402,192,23250,1,0,0:0:0:0:
109,192,23400,1,0,0:0:0:0:
36,192,23400,1,0,0:0:0:0:
109,192,23550,1,0,0:0:0:0:
329,192,23550,1,0,0:0:0:0:
182,192,23550,1,0,0:0:0:0:
256,192,23550,1,0,0:0:0:0:
402,192,23550,1,0,0:0:0:0:
109,192,23700,1,0,0:0:0:0:
36,192,23700,1,0,0:0:0:0:
109,192,23850,1,0,0:0:0:0:
109,192,24000,1,0,0:0:0:0:
329,192,24000,1,0,0:0:0:0:
182,192,24000,1,0,0:0:0:0:
256,192,24000,1,0,0:0:0:0:
402,192,24000,1,0,0:0:0:0:
475,192,24000,1,0,0:0:0:0:
36,192,24000,1,0,0:0:0:0:
109,192,24150,1,0,0:0:0:0:
109,192,24300,1,0,0:0:0:0:
36,192,24300,1,0,0:0:0:0:
109,192,24450,1,0,0:0:0:0:
109,192,24600,1,0,0:0:0:0:
329,192,24600,1,0,0:0:0:0:
182,192,24600,1,0,0:0:0:0:
256,192,24600,1,0,0:0:0:0:
402,192,24600,1,0,0:0:0:0:
475,192,24600,1,0,0:0:0:0:
36,192,24600,1,0,0:0:0:0:
109,192,24750,1,0,0:0:0:0:
109,192,24900,1,0,0:0:0:0:
109,192,25050,1,0,0:0:0:0:
329,192,25050,1,0,0:0:0:0:
182,192,25050,1,0,0:0:0:0:
256,192,25050,1,0,0:0:0:0:
402,192,25050,1,0,0:0:0:0:
109,192,25200,1,0,0:0:0:0:
36,192,25200,1,0,0:0:0:0:
109,192,25350,1,0,0:0:0:0:
329,192,25350,1,0,0:0:0:0:
182,192,25350,1,0,0:0:0:0:
256,192,25350,1,0,0:0:0:0:
402,192,25350,1,0,0:0:0:0:
109,192,25500,1,0,0:0:0:0:
36,192,25500,1,0,0:0:0:0:
109,192,25650,1,0,0:0:0:0:
329,192,25650,1,0,0:0:0:0:
182,192,25650,1,0,0:0:0:0:
256,192,25650,1,0,0:0:0:0:
402,192,25650,1,0,0:0:0:0:
109,192,25800,1,0,0:0:0:0:
36,192,25800,1,0,0:0:0:0:
109,192,25950,1,0,0:0:0:0:
329,192,25950,1,0,0:0:0:0:
182,192,25950,1,0,0:0:0:0:
256,192,25950,1,0,0:0:0:0:
402,192,25950,1,0,0:0:0:0:
109,192,26100,1,0,0:0:0:0:
36,192,26100,1,0,0:0:0:0:
109,192,26250,1,0,0:0:0:0:
109,192,26400,1,0,0:0:0:0:
329,192,26400,1,0,0:0:0:0:
182,192,26400,1,0,0:0:0:0:
256,192,26400,1,0,0:0:0:0:
402,192,26400,1,0,0:0:0:0:
475,192,26400,1,0,0:0:0:0:
36,192,26400,1,0,0:0:0:0:
109,192,26550,1,0,0:0:0:0:
109,192,26700,1,0,0:0:0:0:
36,192,26700,1,0,0:0:0:0:
109,192,26850,1,0,0:0:0:0:
109,192,27000,1,0,0:0:0:0:
329,192,27000,1,0,0:0:0:0:
182,192,27000,1,0,0:0:0:0:
256,192,27000,1,0,0:0:0:0:
402,192,27000,1,0,0:0:0:0:
475,192,27000,1,0,0:0:0:0:
36,192,27000,1,0,0:0:0:0:
109,192,27150,1,0,0:0:0:0:
109,192,27300,1,0,0:0:0:0:
109,192,27450,1,0,0:0:0:0:
329,192,27450,1,0,0:0:0:0:
182,192,27450,1,0,0:0:0:0:
256,192,27450,1,0,0:0:0:0:
402,192,27450,1,0,0:0:0:0:
109,192,27600,1,0,0:0:0:0:
36,192,27600,1,0,0:0:0:0:
109,192,27750,1,0,0:0:0:0:
329,192,27750,1,0,0:0:0:0:
182,192,27750,1,0,0:0:0:0:
256,192,27750,1,0,0:0:0:0:
402,192,27750,1,0,0:0:0:0:
109,192,27900,1,0,0:0:0:0:
36,192,27900,1,0,0:0:0:0:
109,192,28050,1,0,0:0:0:0:
329,192,28050,1,0,0:0:0:0:
182,192,28050,1,0,0:0:0:0:
256,192,28050,1,0,0:0:0:0:
402,192,28050,1,0,0:0:0:0:
109,192,28200,1,0,0:0:0:0:
36,192,28200,1,0,0:0:0:0:
109,192,28350,1,0,0:0:0:0:
329,192,28350,1,0,0:0:0:0:
182,192,28350,1,0,0:0:0:0:
256,192,28350,1,0,0:0:0:0:
402,192,28350,1,0,0:0:0:0:
109,192,28500,1,0,0:0:0:0:
36,192,28500,1,0,0:0:0:0:
109,192,28650,1,0,0:0:0:0:
109,192,28800,1,0,0:0:0:0:
329,192,28800,1,0,0:0:0:0:
182,192,28800,1,0,0:0:0:0:
256,192,28800,1,0,0:0:0:0:
402,192,28800,1,0,0:0:0:0:
475,192,28800,1,0,0:0:0:0:
36,192,28800,1,0,0:0:0:0:
109,192,28950,1,0,0:0:0:0:
109,192,29100,1,0,0:0:0:0:
329,192,29100,1,0,0:0:0:0:
182,192,29100,1,0,0:0:0:0:
256,192,29100,1,0,0:0:0:0:
402,192,29100,1,0,0:0:0:0:
36,192,29100,1,0,0:0:0:0:
109,192,29250,1,0,0:0:0:0:
109,192,29400,1,0,0:0:0:0:
329,192,29400,1,0,0:0:0:0:
182,192,29400,1,0,0:0:0:0:
256,192,29400,1,0,0:0:0:0:
402,192,29400,1,0,0:0:0:0:
36,192,29400,1,0,0:0:0:0:
109,192,29550,1,0,0:0:0:0:
109,192,29700,1,0,0:0:0:0:
329,192,29700,1,0,0:0:0:0:
182,192,29700,1,0,0:0:0:0:
256,192,29700,1,0,0:0:0:0:
109,192,29850,1,0,0:0:0:0:
329,192,29850,1,0,0:0:0:0:
182,192,29850,1,0,0:0:0:0:
256,192,29850,1,0,0:0:0:0:
109,192,30000,1,0,0:0:0:0:
36,192,30000,1,0,0:0:0:0:
109,192,30150,1,0,0:0:0:0:
329,192,30150,1,0,0:0:0:0:
182,192,30150,1,0,0:0:0:0:
256,192,30150,1,0,0:0:0:0:
109,192,30300,1,0,0:0:0:0:
329,192,30300,1,0,0:0:0:0:
182,192,30300,1,0,0:0:0:0:
256,192,30300,1,0,0:0:0:0:
36,192,30300,1,0,0:0:0:0:
109,192,30450,1,0,0:0:0:0:
329,192,30450,1,0,0:0:0:0:
182,192,30450,1,0,0:0:0:0:
256,192,30450,1,0,0:0:0:0:
109,192,30600,1,0,0:0:0:0:
329,192,30600,1,0,0:0:0:0:
182,192,30600,1,0,0:0:0:0:
256,192,30600,1,0,0:0:0:0:
36,192,30600,1,0,0:0:0:0:
109,192,30750,1,0,0:0:0:0:
329,192,30750,1,0,0:0:0:0:
182,192,30750,1,0,0:0:0:0:
256,192,30750,1,0,0:0:0:0:
109,192,30900,1,0,0:0:0:0:
329,192,30900,1,0,0:0:0:0:
182,192,30900,1,0,0:0:0:0:
256,192,30900,1,0,0:0:0:0:
36,192,30900,1,0,0:0:0:0:
109,192,31050,1,0,0:0:0:0:
329,192,31050,1,0,0:0:0:0:
182,192,31050,1,0,0:0:0:0:
256,192,31050,1,0,0:0:0:0:
109,192,31200,1,0,0:0:0:0:
329,192,31200,1,0,0:0:0:0:
182,192,31200,1,0,0:0:0:0:
256,192,31200,1,0,0:0:0:0:
402,192,31200,1,0,0:0:0:0:
475,192,31200,1,0,0:0:0:0:
36,192,31200,1,0,0:0:0:0:
109,192,31350,1,0,0:0:0:0:
109,192,31500,1,0,0:0:0:0:
329,192,31500,1,0,0:0:0:0:
182,192,31500,1,0,0:0:0:0:
256,192,31500,1,0,0:0:0:0:
402,192,31500,1,0,0:0:0:0:
36,192,31500,1,0,0:0:0:0:
109,192,31650,1,0,0:0:0:0:
109,192,31800,1,0,0:0:0:0:
329,192,31800,1,0,0:0:0:0:
182,192,31800,1,0,0:0:0:0:
256,192,31800,1,0,0:0:0:0:
402,192,31800,1,0,0:0:0:0:
36,192,31800,1,0,0:0:0:0:
109,192,31950,1,0,0:0:0:0:
109,192,32100,1,0,0:0:0:0:
329,192,32100,1,0,0:0:0:0:
182,192,32100,1,0,0:0:0:0:
256,192,32100,1,0,0:0:0:0:
109,192,32250,1,0,0:0:0:0:
329,192,32250,1,0,0:0:0:0:
182,192,32250,1,0,0:0:0:0:
256,192,32250,1,0,0:0:0:0:
109,192,32400,1,0,0:0:0:0:
36,192,32400,1,0,0:0:0:0:
109,192,32550,1,0,0:0:0:0:
329,192,32550,1,0,0:0:0:0:
182,192,32550,1,0,0:0:0:0:
256,192,32550,1,0,0:0:0:0:
109,192,32700,1,0,0:0:0:0:
329,192,32700,1,0,0:0:0:0:
182,192,32700,1,0,0:0:0:0:
256,192,32700,1,0,0:0:0:0:
36,192,32700,1,0,0:0:0:0:
109,192,32850,1,0,0:0:0:0:
329,192,32850,1,0,0:0:0:0:
182,192,32850,1,0,0:0:0:0:
256,192,32850,1,0,0:0:0:0:
109,192,33000,1,0,0:0:0:0:
329,192,33000,1,0,0:0:0:0:
182,192,33000,1,0,0:0:0:0:
256,192,33000,1,0,0:0:0:0:
36,192,33000,1,0,0:0:0:0:
109,192,33150,1,0,0:0:0:0:
329,192,33150,1,0,0:0:0:0:
182,192,33150,1,0,0:0:0:0:
256,192,33150,1,0,0:0:0:0:
109,192,33300,1,0,0:0:0:0:
329,192,33300,1,0,0:0:0:0:
182,192,33300,1,0,0:0:0:0:
256,192,33300,1,0,0:0:0:0:
36,192,33300,1,0,0:0:0:0:
109,192,33450,1,0,0:0:0:0:
329,192,33450,1,0,0:0:0:0:
182,192,33450,1,0,0:0:0:0:
256,192,33450,1,0,0:0:0:0:
109,192,33600,1,0,0:0:0:0:
329,192,33600,1,0,0:0:0:0:
182,192,33600,1,0,0:0:0:0:
256,192,33600,1,0,0:0:0:0:
402,192,33600,1,0,0:0:0:0:
475,192,33600,1,0,0:0:0:0:
36,192,33600,1,0,0:0:0:0:
109,192,33750,1,0,0:0:0:0:
109,192,33900,1,0,0:0:0:0:
329,192,33900,1,0,0:0:0:0:
182,192,33900,1,0,0:0:0:0:
256,192,33900,1,0,0:0:0:0:
402,192,33900,1,0,0:0:0:0:
36,192,33900,1,0,0:0:0:0:
109,192,34050,1,0,0:0:0:0:
109,192,34200,1,0,0:0:0:0:
329,192,34200,1,0,0:0:0:0:
182,192,34200,1,0,0:0:0:0:
256,192,34200,1,0,0:0:0:0:
402,192,34200,1,0,0:0:0:0:
36,192,34200,1,0,0:0:0:0:
109,192,34350,1,0,0:0:0:0:
109,192,34500,1,0,0:0:0:0:
329,192,34500,1,0,0:0:0:0:
182,192,34500,1,0,0:0:0:0:
256,192,34500,1,0,0:0:0:0:
109,192,34650,1,0,0:0:0:0:
329,192,34650,1,0,0:0:0:0:
182,192,34650,1,0,0:0:0:0:
256,192,34650,1,0,0:0:0:0:
109,192,34800,1,0,0:0:0:0:
36,192,34800,1,0,0:0:0:0:
109,192,34950,1,0,0:0:0:0:
329,192,34950,1,0,0:0:0:0:
182,192,34950,1,0,0:0:0:0:
256,192,34950,1,0,0:0:0:0:
109,192,35100,1,0,0:0:0:0:
329,192,35100,1,0,0:0:0:0:
182,192,35100,1,0,0:0:0:0:
256,192,35100,1,0,0:0:0:0:
36,192,35100,1,0,0:0:0:0:
109,192,35250,1,0,0:0:0:0:
329,192,35250,1,0,0:0:0:0:
182,192,35250,1,0,0:0:0:0:
256,192,35250,1,0,0:0:0:0:
109,192,35400,1,0,0:0:0:0:
329,192,35400,1,0,0:0:0:0:
182,192,35400,1,0,0:0:0:0:
256,192,35400,1,0,0:0:0:0:
36,192,35400,1,0,0:0:0:0:
109,192,35550,1,0,0:0:0:0:
329,192,35550,1,0,0:0:0:0:
182,192,35550,1,0,0:0:0:0:
256,192,35550,1,0,0:0:0:0:
109,192,35700,1,0,0:0:0:0:
329,192,35700,1,0,0:0:0:0:
182,192,35700,1,0,0:0:0:0:
256,192,35700,1,0,0:0:0:0:
36,192,35700,1,0,0:0:0:0:
109,192,35850,1,0,0:0:0:0:
329,192,35850,1,0,0:0:0:0:
182,192,35850,1,0,0:0:0:0:
256,192,35850,1,0,0:0:0:0:
109,192,36000,1,0,0:0:0:0:
329,192,36000,1,0,0:0:0:0:
182,192,36000,1,0,0:0:0:0:
256,192,36000,1,0,0:0:0:0:
402,192,36000,1,0,0:0:0:0:
475,192,36000,1,0,0:0:0:0:
36,192,36000,1,0,0:0:0:0:
109,192,36150,1,0,0:0:0:0:
109,192,36300,1,0,0:0:0:0:
329,192,36300,1,0,0:0:0:0:
182,192,36300,1,0,0:0:0:0:
256,192,36300,1,0,0:0:0:0:
402,192,36300,1,0,0:0:0:0:
36,192,36300,1,0,0:0:0:0:
109,192,36450,1,0,0:0:0:0:
109,192,36600,1,0,0:0:0:0:
329,192,36600,1,0,0:0:0:0:
182,192,36600,1,0,0:0:0:0:
256,192,36600,1,0,0:0:0:0:
402,192,36600,1,0,0:0:0:0:
36,192,36600,1,0,0:0:0:0:
109,192,36750,1,0,0:0:0:0:
109,192,36900,1,0,0:0:0:0:
329,192,36900,1,0,0:0:0:0:
182,192,36900,1,0,0:0:0:0:
256,192,36900,1,0,0:0:0:0:
109,192,37050,1,0,0:0:0:0:
329,192,37050,1,0,0:0:0:0:
182,192,37050,1,0,0:0:0:0:
256,192,37050,1,0,0:0:0:0:
109,192,37200,1,0,0:0:0:0:
36,192,37200,1,0,0:0:0:0:
109,192,37350,1,0,0:0:0:0:
329,192,37350,1,0,0:0:0:0:
182,192,37350,1,0,0:0:0:0:
256,192,37350,1,0,0:0:0:0:
109,192,37500,1,0,0:0:0:0:
329,192,37500,1,0,0:0:0:0:
182,192,37500,1,0,0:0:0:0:
256,192,37500,1,0,0:0:0:0:
36,192,37500,1,0,0:0:0:0:
109,192,37650,1,0,0:0:0:0:
329,192,37650,1,0,0:0:0:0:
182,192,37650,1,0,0:0:0:0:
256,192,37650,1,0,0:0:0:0:
109,192,37800,1,0,0:0:0:0:
329,192,37800,1,0,0:0:0:0:
182,192,37800,1,0,0:0:0:0:
256,192,37800,1,0,0:0:0:0:
36,192,37800,1,0,0:0:0:0:
109,192,37950,1,0,0:0:0:0:
329,192,37950,1,0,0:0:0:0:
182,192,37950,1,0,0:0:0:0:
256,192,37950,1,0,0:0:0:0:
109,192,38100,1,0,0:0:0:0:
329,192,38100,1,0,0:0:0:0:
182,192,38100,1,0,0:0:0:0:
256,192,38100,1,0,0:0:0:0:
36,192,38100,1,0,0:0:0:0:
109,192,38250,1,0,0:0:0:0:
329,192,38250,1,0,0:0:0:0:
182,192,38250,1,0,0:0:0:0:
256,192,38250,1,0,0:0:0:0:
109,192,38400,1,0,0:0:0:0:
329,192,38400,1,0,0:0:0:0:
182,192,38400,1,0,0:0:0:0:
256,192,38400,1,0,0:0:0:0:
402,192,38400,1,0,0:0:0:0:
475,192,38400,1,0,0:0:0:0:
36,192,38400,1,0,0:0:0:0:
109,192,38550,1,0,0:0:0:0:
109,192,38700,1,0,0:0:0:0:
36,192,38700,1,0,0:0:0:0:
109,192,38850,1,0,0:0:0:0:
109,192,39000,1,0,0:0:0:0:
329,192,39000,1,0,0:0:0:0:
182,192,39000,1,0,0:0:0:0:
256,192,39000,1,0,0:0:0:0:
402,192,39000,1,0,0:0:0:0:
475,192,39000,1,0,0:0:0:0:
36,192,39000,1,0,0:0:0:0:
109,192,39150,1,0,0:0:0:0:
109,192,39300,1,0,0:0:0:0:
109,192,39450,1,0,0:0:0:0:
329,192,39450,1,0,0:0:0:0:
182,192,39450,1,0,0:0:0:0:
256,192,39450,1,0,0:0:0:0:
402,192,39450,1,0,0:0:0:0:
109,192,39600,1,0,0:0:0:0:
36,192,39600,1,0,0:0:0:0:
109,192,39750,1,0,0:0:0:0:
329,192,39750,1,0,0:0:0:0:
182,192,39750,1,0,0:0:0:0:
256,192,39750,1,0,0:0:0:0:
402,192,39750,1,0,0:0:0:0:
109,192,39900,1,0,0:0:0:0:
36,192,39900,1,0,0:0:0:0:
109,192,40050,1,0,0:0:0:0:
329,192,40050,1,0,0:0:0:0:
182,192,40050,1,0,0:0:0:0:
256,192,40050,1,0,0:0:0:0:
402,192,40050,1,0,0:0:0:0:
109,192,40200,1,0,0:0:0:0:
36,192,40200,1,0,0:0:0:0:
109,192,40350,1,0,0:0:0:0:
329,192,40350,1,0,0:0:0:0:
182,192,40350,1,0,0:0:0:0:
256,192,40350,1,0,0:0:0:0:
402,192,40350,1,0,0:0:0:0:
109,192,40500,1,0,0:0:0:0:
36,192,40500,1,0,0:0:0:0:
109,192,40650,1,0,0:0:0:0:
109,192,40800,1,0,0:0:0:0:
329,192,40800,1,0,0:0:0:0:
182,192,40800,1,0,0:0:0:0:
256,192,40800,1,0,0:0:0:0:
402,192,40800,1,0,0:0:0:0:
475,192,40800,1,0,0:0:0:0:
36,192,40800,1,0,0:0:0:0:
109,192,40950,1,0,0:0:0:0:
109,192,41100,1,0,0:0:0:0:
36,192,41100,1,0,0:0:0:0:
109,192,41250,1,0,0:0:0:0:
109,192,41400,1,0,0:0:0:0:
329,192,41400,1,0,0:0:0:0:
182,192,41400,1,0,0:0:0:0:
256,192,41400,1,0,0:0:0:0:
402,192,41400,1,0,0:0:0:0:
475,192,41400,1,0,0:0:0:0:
36,192,41400,1,0,0:0:0:0:
109,192,41550,1,0,0:0:0:0:
109,192,41700,1,0,0:0:0:0:
109,192,41850,1,0,0:0:0:0:
329,192,41850,1,0,0:0:0:0:
182,192,41850,1,0,0:0:0:0:
256,192,41850,1,0,0:0:0:0:
402,192,41850,1,0,0:0:0:0:
109,192,42000,1,0,0:0:0:0:
36,192,42000,1,0,0:0:0:0:
109,192,42150,1,0,0:0:0:0:
329,192,42150,1,0,0:0:0:0:
182,192,42150,1,0,0:0:0:0:
256,192,42150,1,0,0:0:0:0:
402,192,42150,1,0,0:0:0:0:
109,192,42300,1,0,0:0:0:0:
36,192,42300,1,0,0:0:0:0:
109,192,42450,1,0,0:0:0:0:
329,192,42450,1,0,0:0:0:0:
182,192,42450,1,0,0:0:0:0:
256,192,42450,1,0,0:0:0:0:
402,192,42450,1,0,0:0:0:0:
109,192,42600,1,0,0:0:0:0:
36,192,42600,1,0,0:0:0:0:
109,192,42750,1,0,0:0:0:0:
329,192,42750,1,0,0:0:0:0:
182,192,42750,1,0,0:0:0:0:
256,192,42750,1,0,0:0:0:0:
402,192,42750,1,0,0:0:0:0:
109,192,42900,1,0,0:0:0:0:
36,192,42900,1,0,0:0:0:0:
109,192,43050,1,0,0:0:0:0:
109,192,43200,1,0,0:0:0:0:
329,192,43200,1,0,0:0:0:0:
182,192,43200,1,0,0:0:0:0:
256,192,43200,1,0,0:0:0:0:
402,192,43200,1,0,0:0:0:0:
475,192,43200,1,0,0:0:0:0:
36,192,43200,1,0,0:0:0:0:
109,192,43350,1,0,0:0:0:0:
109,192,43500,1,0,0:0:0:0:
36,192,43500,1,0,0:0:0:0:
109,192,43650,1,0,0:0:0:0:
109,192,43800,1,0,0:0:0:0:
329,192,43800,1,0,0:0:0:0:
182,192,43800,1,0,0:0:0:0:
256,192,43800,1,0,0:0:0:0:
402,192,43800,1,0,0:0:0:0:
475,192,43800,1,0,0:0:0:0:
36,192,43800,1,0,0:0:0:0:
109,192,43950,1,0,0:0:0:0:
109,192,44100,1,0,0:0:0:0:
109,192,44250,1,0,0:0:0:0:
329,192,44250,1,0,0:0:0:0:
182,192,44250,1,0,0:0:0:0:
256,192,44250,1,0,0:0:0:0:
402,192,44250,1,0,0:0:0:0:
109,192,44400,1,0,0:0:0:0:
36,192,44400,1,0,0:0:0:0:
109,192,44550,1,0,0:0:0:0:
329,192,44550,1,0,0:0:0:0:
182,192,44550,1,0,0:0:0:0:
256,192,44550,1,0,0:0:0:0:
402,192,44550,1,0,0:0:0:0:
109,192,44700,1,0,0:0:0:0:
36,192,44700,1,0,0:0:0:0:
109,192,44850,1,0,0:0:0:0:
329,192,44850,1,0,0:0:0:0:
182,192,44850,1,0,0:0:0:0:
256,192,44850,1,0,0:0:0:0:
402,192,44850,1,0,0:0:0:0:
109,192,45000,1,0,0:0:0:0:
36,192,45000,1,0,0:0:0:0:
109,192,45150,1,0,0:0:0:0:
329,192,45150,1,0,0:0:0:0:
182,192,45150,1,0,0:0:0:0:
256,192,45150,1,0,0:0:0:0:
109,192,45300,1,0,0:0:0:0:
329,192,45300,1,0,0:0:0:0:
182,192,45300,1,0,0:0:0:0:
256,192,45300,1,0,0:0:0:0:
36,192,45300,1,0,0:0:0:0:
109,192,45450,1,0,0:0:0:0:
109,192,45600,1,0,0:0:0:0:
329,192,45600,1,0,0:0:0:0:
182,192,45600,1,0,0:0:0:0:
256,192,45600,1,0,0:0:0:0:
402,192,45600,1,0,0:0:0:0:
475,192,45600,1,0,0:0:0:0:
36,192,45600,1,0,0:0:0:0:
109,192,45750,1,0,0:0:0:0:
109,192,45900,1,0,0:0:0:0:
329,192,45900,1,0,0:0:0:0:
182,192,45900,1,0,0:0:0:0:
256,192,45900,1,0,0:0:0:0:
402,192,45900,1,0,0:0:0:0:
36,192,45900,1,0,0:0:0:0:
109,192,46050,1,0,0:0:0:0:
109,192,46200,1,0,0:0:0:0:
329,192,46200,1,0,0:0:0:0:
182,192,46200,1,0,0:0:0:0:
256,192,46200,1,0,0:0:0:0:
36,192,46200,1,0,0:0:0:0:
109,192,46350,1,0,0:0:0:0:
329,192,46350,1,0,0:0:0:0:
182,192,46350,1,0,0:0:0:0:
256,192,46350,1,0,0:0:0:0:
109,192,46500,1,0,0:0:0:0:
109,192,46650,1,0,0:0:0:0:
329,192,46650,1,0,0:0:0:0:
182,192,46650,1,0,0:0:0:0:
256,192,46650,1,0,0:0:0:0:
402,192,46650,1,0,0:0:0:0:
109,192,46800,1,0,0:0:0:0:
36,192,46800,1,0,0:0:0:0:
109,192,46950,1,0,0:0:0:0:
329,192,46950,1,0,0:0:0:0:
182,192,46950,1,0,0:0:0:0:
256,192,46950,1,0,0:0:0:0:
402,192,46950,1,0,0:0:0:0:
109,192,47100,1,0,0:0:0:0:
36,192,47100,1,0,0:0:0:0:
109,192,47250,1,0,0:0:0:0:
329,192,47250,1,0,0:0:0:0:
182,192,47250,1,0,0:0:0:0:
256,192,47250,1,0,0:0:0:0:
402,192,47250,1,0,0:0:0:0:
109,192,47400,1,0,0:0:0:0:
36,192,47400,1,0,0:0:0:0:
109,192,47550,1,0,0:0:0:0:
329,192,47550,1,0,0:0:0:0:
182,192,47550,1,0,0:0:0:0:
256,192,47550,1,0,0:0:0:0:
109,192,47700,1,0,0:0:0:0:
329,192,47700,1,0,0:0:0:0:
182,192,47700,1,0,0:0:0:0:
256,192,47700,1,0,0:0:0:0:
36,192,47700,1,0,0:0:0:0:
109,192,47850,1,0,0:0:0:0:
109,192,48000,1,0,0:0:0:0:
329,192,48000,1,0,0:0:0:0:
182,192,48000,1,0,0:0:0:0:
256,192,48000,1,0,0:0:0:0:
402,192,48000,1,0,0:0:0:0:
475,192,48000,1,0,0:0:0:0:
36,192,48000,1,0,0:0:0:0:
109,192,48150,1,0,0:0:0:0:
109,192,48300,1,0,0:0:0:0:
329,192,48300,1,0,0:0:0:0:
182,192,48300,1,0,0:0:0:0:
256,192,48300,1,0,0:0:0:0:
402,192,48300,1,0,0:0:0:0:
36,192,48300,1,0,0:0:0:0:
109,192,48450,1,0,0:0:0:0:
109,192,48600,1,0,0:0:0:0:
329,192,48600,1,0,0:0:0:0:
182,192,48600,1,0,0:0:0:0:
256,192,48600,1,0,0:0:0:0:
36,192,48600,1,0,0:0:0:0:
109,192,48750,1,0,0:0:0:0:
329,192,48750,1,0,0:0:0:0:
182,192,48750,1,0,0:0:0:0:
256,192,48750,1,0,0:0:0:0:
109,192,48900,1,0,0:0:0:0:
109,192,49050,1,0,0:0:0:0:
329,192,49050,1,0,0:0:0:0:
182,192,49050,1,0,0:0:0:0:
256,192,49050,1,0,0:0:0:0:
402,192,49050,1,0,0:0:0:0:
109,192,49200,1,0,0:0:0:0:
36,192,49200,1,0,0:0:0:0:
109,192,49350,1,0,0:0:0:0:
329,192,49350,1,0,0:0:0:0:
182,192,49350,1,0,0:0:0:0:
256,192,49350,1,0,0:0:0:0:
402,192,49350,1,0,0:0:0:0:
109,192,49500,1,0,0:0:0:0:
36,192,49500,1,0,0:0:0:0:
109,192,49650,1,0,0:0:0:0:
329,192,49650,1,0,0:0:0:0:
182,192,49650,1,0,0:0:0:0:
256,192,49650,1,0,0:0:0:0:
402,192,49650,1,0,0:0:0:0:
109,192,49800,1,0,0:0:0:0:
36,192,49800,1,0,0:0:0:0:
109,192,49950,1,0,0:0:0:0:
329,192,49950,1,0,0:0:0:0:
182,192,49950,1,0,0:0:0:0:
256,192,49950,1,0,0:0:0:0:
109,192,50100,1,0,0:0:0:0:
329,192,50100,1,0,0:0:0:0:
182,192,50100,1,0,0:0:0:0:
256,192,50100,1,0,0:0:0:0:
36,192,50100,1,0,0:0:0:0:
109,192,50250,1,0,0:0:0:0:
109,192,50400,1,0,0:0:0:0:
329,192,50400,1,0,0:0:0:0:
182,192,50400,1,0,0:0:0:0:
256,192,50400,1,0,0:0:0:0:
402,192,50400,1,0,0:0:0:0:
475,192,50400,1,0,0:0:0:0:
36,192,50400,1,0,0:0:0:0:
109,192,50550,1,0,0:0:0:0:
109,192,50700,1,0,0:0:0:0:
329,192,50700,1,0,0:0:0:0:
182,192,50700,1,0,0:0:0:0:
256,192,50700,1,0,0:0:0:0:
402,192,50700,1,0,0:0:0:0:
36,192,50700,1,0,0:0:0:0:
109,192,50850,1,0,0:0:0:0:
109,192,51000,1,0,0:0:0:0:
329,192,51000,1,0,0:0:0:0:
182,192,51000,1,0,0:0:0:0:
256,192,51000,1,0,0:0:0:0:
36,192,51000,1,0,0:0:0:0:
109,192,51150,1,0,0:0:0:0:
329,192,51150,1,0,0:0:0:0:
182,192,51150,1,0,0:0:0:0:
256,192,51150,1,0,0:0:0:0:
109,192,51300,1,0,0:0:0:0:
109,192,51450,1,0,0:0:0:0:
329,192,51450,1,0,0:0:0:0:
182,192,51450,1,0,0:0:0:0:
256,192,51450,1,0,0:0:0:0:
402,192,51450,1,0,0:0:0:0:
109,192,51600,1,0,0:0:0:0:
36,192,51600,1,0,0:0:0:0:
109,192,51750,1,0,0:0:0:0:
329,192,51750,1,0,0:0:0:0:
182,192,51750,1,0,0:0:0:0:
256,192,51750,1,0,0:0:0:0:
402,192,51750,1,0,0:0:0:0:
109,192,51900,1,0,0:0:0:0:
36,192,51900,1,0,0:0:0:0:
109,192,52050,1,0,0:0:0:0:
329,192,52050,1,0,0:0:0:0:
182,192,52050,1,0,0:0:0:0:
256,192,52050,1,0,0:0:0:0:
402,192,52050,1,0,0:0:0:0:
109,192,52200,1,0,0:0:0:0:
36,192,52200,1,0,0:0:0:0:
109,192,52350,1,0,0:0:0:0:
329,192,52350,1,0,0:0:0:0:
182,192,52350,1,0,0:0:0:0:
256,192,52350,1,0,0:0:0:0:
109,192,52500,1,0,0:0:0:0:
329,192,52500,1,0,0:0:0:0:
182,192,52500,1,0,0:0:0:0:
256,192,52500,1,0,0:0:0:0:
36,192,52500,1,0,0:0:0:0:
109,192,52650,1,0,0:0:0:0:
109,192,52800,1,0,0:0:0:0:
329,192,52800,1,0,0:0:0:0:
182,192,52800,1,0,0:0:0:0:
256,192,52800,1,0,0:0:0:0:
402,192,52800,1,0,0:0:0:0:
475,192,52800,1,0,0:0:0:0:
36,192,52800,1,0,0:0:0:0:
109,192,52950,1,0,0:0:0:0:
109,192,53100,1,0,0:0:0:0:
36,192,53100,1,0,0:0:0:0:
109,192,53250,1,0,0:0:0:0:
109,192,53400,1,0,0:0:0:0:
329,192,53400,1,0,0:0:0:0:
182,192,53400,1,0,0:0:0:0:
256,192,53400,1,0,0:0:0:0:
402,192,53400,1,0,0:0:0:0:
475,192,53400,1,0,0:0:0:0:
36,192,53400,1,0,0:0:0:0:
109,192,53550,1,0,0:0:0:0:
109,192,53700,1,0,0:0:0:0:
109,192,53850,1,0,0:0:0:0:
329,192,53850,1,0,0:0:0:0:
182,192,53850,1,0,0:0:0:0:
256,192,53850,1,0,0:0:0:0:
402,192,53850,1,0,0:0:0:0:
109,192,54000,1,0,0:0:0:0:
36,192,54000,1,0,0:0:0:0:
109,192,54150,1,0,0:0:0:0:
329,192,54150,1,0,0:0:0:0:
182,192,54150,1,0,0:0:0:0:
256,192,54150,1,0,0:0:0:0:
402,192,54150,1,0,0:0:0:0:
109,192,54300,1,0,0:0:0:0:
36,192,54300,1,0,0:0:0:0:
109,192,54450,1,0,0:0:0:0:
329,192,54450,1,0,0:0:0:0:
182,192,54450,1,0,0:0:0:0:
256,192,54450,1,0,0:0:0:0:
402,192,54450,1,0,0:0:0:0:
109,192,54600,1,0,0:0:0:0:
36,192,54600,1,0,0:0:0:0:
109,192,54750,1,0,0:0:0:0:
329,192,54750,1,0,0:0:0:0:
182,192,54750,1,0,0:0:0:0:
256,192,54750,1,0,0:0:0:0:
402,192,54750,1,0,0:0:0:0:
109,192,54900,1,0,0:0:0:0:
36,192,54900,1,0,0:0:0:0:
109,192,55050,1,0,0:0:0:0:
109,192,55200,1,0,0:0:0:0:
329,192,55200,1,0,0:0:0:0:
182,192,55200,1,0,0:0:0:0:
256,192,55200,1,0,0:0:0:0:
402,192,55200,1,0,0:0:0:0:
36,192,55200,1,0,0:0:0:0:
109,192,55350,1,0,0:0:0:0:
109,192,55500,1,0,0:0:0:0:
329,192,55500,1,0,0:0:0:0:
182,192,55500,1,0,0:0:0:0:
256,192,55500,1,0,0:0:0:0:
402,192,55500,1,0,0:0:0:0:
36,192,55500,1,0,0:0:0:0:
109,192,55650,1,0,0:0:0:0:
109,192,55800,1,0,0:0:0:0:
329,192,55800,1,0,0:0:0:0:
182,192,55800,1,0,0:0:0:0:
256,192,55800,1,0,0:0:0:0:
402,192,55800,1,0,0:0:0:0:
36,192,55800,1,0,0:0:0:0:
109,192,55950,1,0,0:0:0:0:
109,192,56100,1,0,0:0:0:0:
329,192,56100,1,0,0:0:0:0:
182,192,56100,1,0,0:0:0:0:
256,192,56100,1,0,0:0:0:0:
402,192,56100,1,0,0:0:0:0:
109,192,56250,1,0,0:0:0:0:
109,192,56400,1,0,0:0:0:0:
329,192,56400,1,0,0:0:0:0:
182,192,56400,1,0,0:0:0:0:
256,192,56400,1,0,0:0:0:0:
402,192,56400,1,0,0:0:0:0:
36,192,56400,1,0,0:0:0:0:
109,192,56550,1,0,0:0:0:0:
109,192,56700,1,0,0:0:0:0:
36,192,56700,1,0,0:0:0:0:
109,192,56850,1,0,0:0:0:0:
109,192,57000,1,0,0:0:0:0:
36,192,57000,1,0,0:0:0:0:
109,192,57150,1,0,0:0:0:0:
109,192,57300,1,0,0:0:0:0:
36,192,57300,1,0,0:0:0:0:
109,192,57450,1,0,0:0:0:0:
109,192,57600,1,0,0:0:0:0:
329,192,57600,1,0,0:0:0:0:
182,192,57600,1,0,0:0:0:0:
256,192,57600,1,0,0:0:0:0:
402,192,57600,1,0,0:0:0:0:
475,192,57600,1,0,0:0:0:0:
36,192,57600,1,0,0:0:0:0:
109,192,57750,1,0,0:0:0:0:
109,192,57900,1,0,0:0:0:0:
329,192,57900,1,0,0:0:0:0:
182,192,57900,1,0,0:0:0:0:
256,192,57900,1,0,0:0:0:0:
402,192,57900,1,0,0:0:0:0:
36,192,57900,1,0,0:0:0:0:
109,192,58050,1,0,0:0:0:0:
109,192,58200,1,0,0:0:0:0:
329,192,58200,1,0,0:0:0:0:
182,192,58200,1,0,0:0:0:0:
256,192,58200,1,0,0:0:0:0:
402,192,58200,1,0,0:0:0:0:
36,192,58200,1,0,0:0:0:0:
109,192,58350,1,0,0:0:0:0:
109,192,58500,1,0,0:0:0:0:
109,192,58650,1,0,0:0:0:0:
329,192,58650,1,0,0:0:0:0:
182,192,58650,1,0,0:0:0:0:
256,192,58650,1,0,0:0:0:0:
402,192,58650,1,0,0:0:0:0:
109,192,58800,1,0,0:0:0:0:
36,192,58800,1,0,0:0:0:0:
109,192,58950,1,0,0:0:0:0:
109,192,59100,1,0,0:0:0:0:
329,192,59100,1,0,0:0:0:0:
182,192,59100,1,0,0:0:0:0:
256,192,59100,1,0,0:0:0:0:
36,192,59100,1,0,0:0:0:0:
109,192,59250,1,0,0:0:0:0:
329,192,59250,1,0,0:0:0:0:
182,192,59250,1,0,0:0:0:0:
256,192,59250,1,0,0:0:0:0:
109,192,59400,1,0,0:0:0:0:
329,192,59400,1,0,0:0:0:0:
182,192,59400,1,0,0:0:0:0:
256,192,59400,1,0,0:0:0:0:
36,192,59400,1,0,0:0:0:0:
109,192,59550,1,0,0:0:0:0:
329,192,59550,1,0,0:0:0:0:
182,192,59550,1,0,0:0:0:0:
256,192,59550,1,0,0:0:0:0:
109,192,59700,1,0,0:0:0:0:
329,192,59700,1,0,0:0:0:0:
182,192,59700,1,0,0:0:0:0:
256,192,59700,1,0,0:0:0:0:
36,192,59700,1,0,0:0:0:0:
109,192,59850,1,0,0:0:0:0:
329,192,59850,1,0,0:0:0:0:
182,192,59850,1,0,0:0:0:0:
256,192,59850,1,0,0:0:0:0:
109,192,60000,1,0,0:0:0:0:
329,192,60000,1,0,0:0:0:0:
182,192,60000,1,0,0:0:0:0:
256,192,60000,1,0,0:0:0:0:
402,192,60000,1,0,0:0:0:0:
475,192,60000,1,0,0:0:0:0:
36,192,60000,1,0,0:0:0:0:
109,192,60150,1,0,0:0:0:0:
109,192,60300,1,0,0:0:0:0:
329,192,60300,1,0,0:0:0:0:
182,192,60300,1,0,0:0:0:0:
256,192,60300,1,0,0:0:0:0:
402,192,60300,1,0,0:0:0:0:
36,192,60300,1,0,0:0:0:0:
109,192,60450,1,0,0:0:0:0:
109,192,60600,1,0,0:0:0:0:
329,192,60600,1,0,0:0:0:0:
182,192,60600,1,0,0:0:0:0:
256,192,60600,1,0,0:0:0:0:
402,192,60600,1,0,0:0:0:0:
36,192,60600,1,0,0:0:0:0:
109,192,60750,1,0,0:0:0:0:
109,192,60900,1,0,0:0:0:0:
109,192,61050,1,0,0:0:0:0:
329,192,61050,1,0,0:0:0:0:
182,192,61050,1,0,0:0:0:0:
256,192,61050,1,0,0:0:0:0:
402,192,61050,1,0,0:0:0:0:
109,192,61200,1,0,0:0:0:0:
36,192,61200,1,0,0:0:0:0:
109,192,61350,1,0,0:0:0:0:
109,192,61500,1,0,0:0:0:0:
329,192,61500,1,0,0:0:0:0:
182,192,61500,1,0,0:0:0:0:
256,192,61500,1,0,0:0:0:0:
36,192,61500,1,0,0:0:0:0:
109,192,61650,1,0,0:0:0:0:
329,192,61650,1,0,0:0:0:0:
182,192,61650,1,0,0:0:0:0:
256,192,61650,1,0,0:0:0:0:
109,192,61800,1,0,0:0:0:0:
329,192,61800,1,0,0:0:0:0:
182,192,61800,1,0,0:0:0:0:
256,192,61800,1,0,0:0:0:0:
36,192,61800,1,0,0:0:0:0:
109,192,61950,1,0,0:0:0:0:
329,192,61950,1,0,0:0:0:0:
182,192,61950,1,0,0:0:0:0:
256,192,61950,1,0,0:0:0:0:
109,192,62100,1,0,0:0:0:0:
329,192,62100,1,0,0:0:0:0:
182,192,62100,1,0,0:0:0:0:
256,192,62100,1,0,0:0:0:0:
36,192,62100,1,0,0:0:0:0:
109,192,62250,1,0,0:0:0:0:
329,192,62250,1,0,0:0:0:0:
182,192,62250,1,0,0:0:0:0:
256,192,62250,1,0,0:0:0:0:
109,192,62400,1,0,0:0:0:0:
329,192,62400,1,0,0:0:0:0:
182,192,62400,1,0,0:0:0:0:
256,192,62400,1,0,0:0:0:0:
402,192,62400,1,0,0:0:0:0:
475,192,62400,1,0,0:0:0:0:
36,192,62400,1,0,0:0:0:0:
109,192,62550,1,0,0:0:0:0:
109,192,62700,1,0,0:0:0:0:
329,192,62700,1,0,0:0:0:0:
182,192,62700,1,0,0:0:0:0:
256,192,62700,1,0,0:0:0:0:
402,192,62700,1,0,0:0:0:0:
36,192,62700,1,0,0:0:0:0:
109,192,62850,1,0,0:0:0:0:
109,192,63000,1,0,0:0:0:0:
329,192,63000,1,0,0:0:0:0:
182,192,63000,1,0,0:0:0:0:
256,192,63000,1,0,0:0:0:0:
402,192,63000,1,0,0:0:0:0:
36,192,63000,1,0,0:0:0:0:
109,192,63150,1,0,0:0:0:0:
109,192,63300,1,0,0:0:0:0:
109,192,63450,1,0,0:0:0:0:
329,192,63450,1,0,0:0:0:0:
182,192,63450,1,0,0:0:0:0:
256,192,63450,1,0,0:0:0:0:
402,192,63450,1,0,0:0:0:0:
109,192,63600,1,0,0:0:0:0:
36,192,63600,1,0,0:0:0:0:
109,192,63750,1,0,0:0:0:0:
109,192,63900,1,0,0:0:0:0:
329,192,63900,1,0,0:0:0:0:
182,192,63900,1,0,0:0:0:0:
256,192,63900,1,0,0:0:0:0:
36,192,63900,1,0,0:0:0:0:
109,192,64050,1,0,0:0:0:0:
329,192,64050,1,0,0:0:0:0:
182,192,64050,1,0,0:0:0:0:
256,192,64050,1,0,0:0:0:0:
109,192,64200,1,0,0:0:0:0:
329,192,64200,1,0,0:0:0:0:
182,192,64200,1,0,0:0:0:0:
256,192,64200,1,0,0:0:0:0:
36,192,64200,1,0,0:0:0:0:
109,192,64350,1,0,0:0:0:0:
329,192,64350,1,0,0:0:0:0:
182,192,64350,1,0,0:0:0:0:
256,192,64350,1,0,0:0:0:0:
109,192,64500,1,0,0:0:0:0:
329,192,64500,1,0,0:0:0:0:
182,192,64500,1,0,0:0:0:0:
256,192,64500,1,0,0:0:0:0:
36,192,64500,1,0,0:0:0:0:
109,192,64650,1,0,0:0:0:0:
329,192,64650,1,0,0:0:0:0:
182,192,64650,1,0,0:0:0:0:
256,192,64650,1,0,0:0:0:0:
109,192,64800,1,0,0:0:0:0:
329,192,64800,1,0,0:0:0:0:
182,192,64800,1,0,0:0:0:0:
256,192,64800,1,0,0:0:0:0:
402,192,64800,1,0,0:0:0:0:
475,192,64800,1,0,0:0:0:0:
36,192,64800,1,0,0:0:0:0:
109,192,64950,1,0,0:0:0:0:
109,192,65100,1,0,0:0:0:0:
329,192,65100,1,0,0:0:0:0:
182,192,65100,1,0,0:0:0:0:
256,192,65100,1,0,0:0:0:0:
402,192,65100,1,0,0:0:0:0:
36,192,65100,1,0,0:0:0:0:
109,192,65250,1,0,0:0:0:0:
109,192,65400,1,0,0:0:0:0:
329,192,65400,1,0,0:0:0:0:
182,192,65400,1,0,0:0:0:0:
256,192,65400,1,0,0:0:0:0:
402,192,65400,1,0,0:0:0:0:
36,192,65400,1,0,0:0:0:0:
109,192,65550,1,0,0:0:0:0:
109,192,65700,1,0,0:0:0:0:
109,192,65850,1,0,0:0:0:0:
329,192,65850,1,0,0:0:0:0:
182,192,65850,1,0,0:0:0:0:
256,192,65850,1,0,0:0:0:0:
402,192,65850,1,0,0:0:0:0:
109,192,66000,1,0,0:0:0:0:
36,192,66000,1,0,0:0:0:0:
109,192,66150,1,0,0:0:0:0:
109,192,66300,1,0,0:0:0:0:
329,192,66300,1,0,0:0:0:0:
182,192,66300,1,0,0:0:0:0:
256,192,66300,1,0,0:0:0:0:
36,192,66300,1,0,0:0:0:0:
109,192,66450,1,0,0:0:0:0:
329,192,66450,1,0,0:0:0:0:
182,192,66450,1,0,0:0:0:0:
256,192,66450,1,0,0:0:0:0:
109,192,66600,1,0,0:0:0:0:
329,192,66600,1,0,0:0:0:0:
182,192,66600,1,0,0:0:0:0:
256,192,66600,1,0,0:0:0:0:
36,192,66600,1,0,0:0:0:0:
109,192,66750,1,0,0:0:0:0:
329,192,66750,1,0,0:0:0:0:
182,192,66750,1,0,0:0:0:0:
256,192,66750,1,0,0:0:0:0:
109,192,66900,1,0,0:0:0:0:
329,192,66900,1,0,0:0:0:0:
182,192,66900,1,0,0:0:0:0:
256,192,66900,1,0,0:0:0:0:
36,192,66900,1,0,0:0:0:0:
109,192,67050,1,0,0:0:0:0:
329,192,67050,1,0,0:0:0:0:
182,192,67050,1,0,0:0:0:0:
256,192,67050,1,0,0:0:0:0:
109,192,67200,1,0,0:0:0:0:
329,192,67200,1,0,0:0:0:0:
182,192,67200,1,0,0:0:0:0:
256,192,67200,1,0,0:0:0:0:
402,192,67200,1,0,0:0:0:0:
475,192,67200,1,0,0:0:0:0:
36,192,67200,1,0,0:0:0:0:
109,192,67350,1,0,0:0:0:0:
109,192,67500,1,0,0:0:0:0:
329,192,67500,1,0,0:0:0:0:
182,192,67500,1,0,0:0:0:0:
256,192,67500,1,0,0:0:0:0:
402,192,67500,1,0,0:0:0:0:
36,192,67500,1,0,0:0:0:0:
109,192,67650,1,0,0:0:0:0:
109,192,67800,1,0,0:0:0:0:
329,192,67800,1,0,0:0:0:0:
182,192,67800,1,0,0:0:0:0:
256,192,67800,1,0,0:0:0:0:
402,192,67800,1,0,0:0:0:0:
36,192,67800,1,0,0:0:0:0:
109,192,67950,1,0,0:0:0:0:
109,192,68100,1,0,0:0:0:0:
109,192,68250,1,0,0:0:0:0:
329,192,68250,1,0,0:0:0:0:
182,192,68250,1,0,0:0:0:0:
256,192,68250,1,0,0:0:0:0:
402,192,68250,1,0,0:0:0:0:
109,192,68400,1,0,0:0:0:0:
36,192,68400,1,0,0:0:0:0:
109,192,68550,1,0,0:0:0:0:
109,192,68700,1,0,0:0:0:0:
329,192,68700,1,0,0:0:0:0:
182,192,68700,1,0,0:0:0:0:
256,192,68700,1,0,0:0:0:0:
36,192,68700,1,0,0:0:0:0:
109,192,68850,1,0,0:0:0:0:
329,192,68850,1,0,0:0:0:0:
182,192,68850,1,0,0:0:0:0:
256,192,68850,1,0,0:0:0:0:
109,192,69000,1,0,0:0:0:0:
329,192,69000,1,0,0:0:0:0:
182,192,69000,1,0,0:0:0:0:
256,192,69000,1,0,0:0:0:0:
36,192,69000,1,0,0:0:0:0:
109,192,69150,1,0,0:0:0:0:
329,192,69150,1,0,0:0:0:0:
182,192,69150,1,0,0:0:0:0:
256,192,69150,1,0,0:0:0:0:
109,192,69300,1,0,0:0:0:0:
329,192,69300,1,0,0:0:0:0:
182,192,69300,1,0,0:0:0:0:
256,192,69300,1,0,0:0:0:0:
36,192,69300,1,0,0:0:0:0:
109,192,69450,1,0,0:0:0:0:
329,192,69450,1,0,0:0:0:0:
182,192,69450,1,0,0:0:0:0:
256,192,69450,1,0,0:0:0:0:
109,192,69600,1,0,0:0:0:0:
329,192,69600,1,0,0:0:0:0:
182,192,69600,1,0,0:0:0:0:
256,192,69600,1,0,0:0:0:0:
402,192,69600,1,0,0:0:0:0:
475,192,69600,1,0,0:0:0:0:
36,192,69600,1,0,0:0:0:0:
109,192,69750,1,0,0:0:0:0:
109,192,69900,1,0,0:0:0:0:
329,192,69900,1,0,0:0:0:0:
182,192,69900,1,0,0:0:0:0:
256,192,69900,1,0,0:0:0:0:
402,192,69900,1,0,0:0:0:0:
36,192,69900,1,0,0:0:0:0:
109,192,70050,1,0,0:0:0:0:
109,192,70200,1,0,0:0:0:0:
329,192,70200,1,0,0:0:0:0:
182,192,70200,1,0,0:0:0:0:
256,192,70200,1,0,0:0:0:0:
402,192,70200,1,0,0:0:0:0:
36,192,70200,1,0,0:0:0:0:
109,192,70350,1,0,0:0:0:0:
109,192,70500,1,0,0:0:0:0:
109,192,70650,1,0,0:0:0:0:
329,192,70650,1,0,0:0:0:0:
182,192,70650,1,0,0:0:0:0:
256,192,70650,1,0,0:0:0:0:
402,192,70650,1,0,0:0:0:0:
109,192,70800,1,0,0:0:0:0:
36,192,70800,1,0,0:0:0:0:
109,192,70950,1,0,0:0:0:0:
109,192,71100,1,0,0:0:0:0:
329,192,71100,1,0,0:0:0:0:
182,192,71100,1,0,0:0:0:0:
256,192,71100,1,0,0:0:0:0:
36,192,71100,1,0,0:0:0:0:
109,192,71250,1,0,0:0:0:0:
329,192,71250,1,0,0:0:0:0:
182,192,71250,1,0,0:0:0:0:
256,192,71250,1,0,0:0:0:0:
109,192,71400,1,0,0:0:0:0:
329,192,71400,1,0,0:0:0:0:
182,192,71400,1,0,0:0:0:0:
256,192,71400,1,0,0:0:0:0:
36,192,71400,1,0,0:0:0:0:
109,192,71550,1,0,0:0:0:0:
329,192,71550,1,0,0:0:0:0:
182,192,71550,1,0,0:0:0:0:
256,192,71550,1,0,0:0:0:0:
109,192,71700,1,0,0:0:0:0:
329,192,71700,1,0,0:0:0:0:
182,192,71700,1,0,0:0:0:0:
256,192,71700,1,0,0:0:0:0:
36,192,71700,1,0,0:0:0:0:
109,192,71850,1,0,0:0:0:0:
329,192,71850,1,0,0:0:0:0:
182,192,71850,1,0,0:0:0:0:
256,192,71850,1,0,0:0:0:0:
109,192,72000,1,0,0:0:0:0:
329,192,72000,1,0,0:0:0:0:
182,192,72000,1,0,0:0:0:0:
256,192,72000,1,0,0:0:0:0:
402,192,72000,1,0,0:0:0:0:
475,192,72000,1,0,0:0:0:0:
36,192,72000,1,0,0:0:0:0:
109,192,72150,1,0,0:0:0:0:
109,192,72300,1,0,0:0:0:0:
329,192,72300,1,0,0:0:0:0:
182,192,72300,1,0,0:0:0:0:
256,192,72300,1,0,0:0:0:0:
402,192,72300,1,0,0:0:0:0:
36,192,72300,1,0,0:0:0:0:
109,192,72450,1,0,0:0:0:0:
109,192,72600,1,0,0:0:0:0:
329,192,72600,1,0,0:0:0:0:
182,192,72600,1,0,0:0:0:0:
256,192,72600,1,0,0:0:0:0:
402,192,72600,1,0,0:0:0:0:
36,192,72600,1,0,0:0:0:0:
109,192,72750,1,0,0:0:0:0:
109,192,72900,1,0,0:0:0:0:
109,192,73050,1,0,0:0:0:0:
329,192,73050,1,0,0:0:0:0:
182,192,73050,1,0,0:0:0:0:
256,192,73050,1,0,0:0:0:0:
402,192,73050,1,0,0:0:0:0:
109,192,73200,1,0,0:0:0:0:
36,192,73200,1,0,0:0:0:0:
109,192,73350,1,0,0:0:0:0:
109,192,73500,1,0,0:0:0:0:
329,192,73500,1,0,0:0:0:0:
182,192,73500,1,0,0:0:0:0:
256,192,73500,1,0,0:0:0:0:
36,192,73500,1,0,0:0:0:0:
109,192,73650,1,0,0:0:0:0:
329,192,73650,1,0,0:0:0:0:
182,192,73650,1,0,0:0:0:0:
256,192,73650,1,0,0:0:0:0:
109,192,73800,1,0,0:0:0:0:
329,192,73800,1,0,0:0:0:0:
182,192,73800,1,0,0:0:0:0:
256,192,73800,1,0,0:0:0:0:
36,192,73800,1,0,0:0:0:0:
109,192,73950,1,0,0:0:0:0:
329,192,73950,1,0,0:0:0:0:
182,192,73950,1,0,0:0:0:0:
256,192,73950,1,0,0:0:0:0:
109,192,74100,1,0,0:0:0:0:
329,192,74100,1,0,0:0:0:0:
182,192,74100,1,0,0:0:0:0:
256,192,74100,1,0,0:0:0:0:
36,192,74100,1,0,0:0:0:0:
109,192,74250,1,0,0:0:0:0:
329,192,74250,1,0,0:0:0:0:
182,192,74250,1,0,0:0:0:0:
256,192,74250,1,0,0:0:0:0:
109,192,74400,1,0,0:0:0:0:
329,192,74400,1,0,0:0:0:0:
182,192,74400,1,0,0:0:0:0:
256,192,74400,1,0,0:0:0:0:
402,192,74400,1,0,0:0:0:0:
475,192,74400,1,0,0:0:0:0:
36,192,74400,1,0,0:0:0:0:
109,192,74550,1,0,0:0:0:0:
109,192,74700,1,0,0:0:0:0:
329,192,74700,1,0,0:0:0:0:
182,192,74700,1,0,0:0:0:0:
256,192,74700,1,0,0:0:0:0:
402,192,74700,1,0,0:0:0:0:
36,192,74700,1,0,0:0:0:0:
109,192,74850,1,0,0:0:0:0:
109,192,75000,1,0,0:0:0:0:
329,192,75000,1,0,0:0:0:0:
182,192,75000,1,0,0:0:0:0:
256,192,75000,1,0,0:0:0:0:
402,192,75000,1,0,0:0:0:0:
36,192,75000,1,0,0:0:0:0:
109,192,75150,1,0,0:0:0:0:
109,192,75300,1,0,0:0:0:0:
329,192,75300,1,0,0:0:0:0:
182,192,75300,1,0,0:0:0:0:
256,192,75300,1,0,0:0:0:0:
109,192,75450,1,0,0:0:0:0:
329,192,75450,1,0,0:0:0:0:
182,192,75450,1,0,0:0:0:0:
256,192,75450,1,0,0:0:0:0:
109,192,75600,1,0,0:0:0:0:
36,192,75600,1,0,0:0:0:0:
109,192,75750,1,0,0:0:0:0:
329,192,75750,1,0,0:0:0:0:
182,192,75750,1,0,0:0:0:0:
256,192,75750,1,0,0:0:0:0:
402,192,75750,1,0,0:0:0:0:
109,192,75900,1,0,0:0:0:0:
36,192,75900,1,0,0:0:0:0:
109,192,76050,1,0,0:0:0:0:
329,192,76050,1,0,0:0:0:0:
182,192,76050,1,0,0:0:0:0:
256,192,76050,1,0,0:0:0:0:
402,192,76050,1,0,0:0:0:0:
109,192,76200,1,0,0:0:0:0:
36,192,76200,1,0,0:0:0:0:
109,192,76350,1,0,0:0:0:0:
329,192,76350,1,0,0:0:0:0:
182,192,76350,1,0,0:0:0:0:
256,192,76350,1,0,0:0:0:0:
402,192,76350,1,0,0:0:0:0:
109,192,76500,1,0,0:0:0:0:
36,192,76500,1,0,0:0:0:0:
109,192,76650,1,0,0:0:0:0:
109,192,76800,1,0,0:0:0:0:
329,192,76800,1,0,0:0:0:0:
182,192,76800,1,0,0:0:0:0:
256,192,76800,1,0,0:0:0:0:
402,192,76800,1,0,0:0:0:0:
475,192,76800,1,0,0:0:0:0:
36,192,76800,1,0,0:0:0:0:
109,192,76950,1,0,0:0:0:0:
109,192,77100,1,0,0:0:0:0:
329,192,77100,1,0,0:0:0:0:
182,192,77100,1,0,0:0:0:0:
256,192,77100,1,0,0:0:0:0:
402,192,77100,1,0,0:0:0:0:
36,192,77100,1,0,0:0:0:0:
109,192,77250,1,0,0:0:0:0:
109,192,77400,1,0,0:0:0:0:
329,192,77400,1,0,0:0:0:0:
182,192,77400,1,0,0:0:0:0:
256,192,77400,1,0,0:0:0:0:
402,192,77400,1,0,0:0:0:0:
36,192,77400,1,0,0:0:0:0:
109,192,77550,1,0,0:0:0:0:
109,192,77700,1,0,0:0:0:0:
329,192,77700,1,0,0:0:0:0:
182,192,77700,1,0,0:0:0:0:
256,192,77700,1,0,0:0:0:0:
109,192,77850,1,0,0:0:0:0:
329,192,77850,1,0,0:0:0:0:
182,192,77850,1,0,0:0:0:0:
256,192,77850,1,0,0:0:0:0:
109,192,78000,1,0,0:0:0:0:
36,192,78000,1,0,0:0:0:0:
109,192,78150,1,0,0:0:0:0:
329,192,78150,1,0,0:0:0:0:
182,192,78150,1,0,0:0:0:0:
256,192,78150,1,0,0:0:0:0:
109,192,78300,1,0,0:0:0:0:
329,192,78300,1,0,0:0:0:0:
182,192,78300,1,0,0:0:0:0:
256,192,78300,1,0,0:0:0:0:
36,192,78300,1,0,0:0:0:0:
109,192,78450,1,0,0:0:0:0:
329,192,78450,1,0,0:0:0:0:
182,192,78450,1,0,0:0:0:0:
256,192,78450,1,0,0:0:0:0:
109,192,78600,1,0,0:0:0:0:
329,192,78600,1,0,0:0:0:0:
182,192,78600,1,0,0:0:0:0:
256,192,78600,1,0,0:0:0:0:
36,192,78600,1,0,0:0:0:0:
109,192,78750,1,0,0:0:0:0:
329,192,78750,1,0,0:0:0:0:
182,192,78750,1,0,0:0:0:0:
256,192,78750,1,0,0:0:0:0:
109,192,78900,1,0,0:0:0:0:
329,192,78900,1,0,0:0:0:0:
182,192,78900,1,0,0:0:0:0:
256,192,78900,1,0,0:0:0:0:
36,192,78900,1,0,0:0:0:0:
109,192,79050,1,0,0:0:0:0:
329,192,79050,1,0,0:0:0:0:
182,192,79050,1,0,0:0:0:0:
256,192,79050,1,0,0:0:0:0:
109,192,79200,1,0,0:0:0:0:
329,192,79200,1,0,0:0:0:0:
182,192,79200,1,0,0:0:0:0:
256,192,79200,1,0,0:0:0:0:
402,192,79200,1,0,0:0:0:0:
475,192,79200,1,0,0:0:0:0:
36,192,79200,1,0,0:0:0:0:
109,192,79350,1,0,0:0:0:0:
109,192,79500,1,0,0:0:0:0:
329,192,79500,1,0,0:0:0:0:
182,192,79500,1,0,0:0:0:0:
256,192,79500,1,0,0:0:0:0:
402,192,79500,1,0,0:0:0:0:
36,192,79500,1,0,0:0:0:0:
109,192,79650,1,0,0:0:0:0:
109,192,79800,1,0,0:0:0:0:
329,192,79800,1,0,0:0:0:0:
182,192,79800,1,0,0:0:0:0:
256,192,79800,1,0,0:0:0:0:
402,192,79800,1,0,0:0:0:0:
36,192,79800,1,0,0:0:0:0:
109,192,79950,1,0,0:0:0:0:
109,192,80100,1,0,0:0:0:0:
329,192,80100,1,0,0:0:0:0:
182,192,80100,1,0,0:0:0:0:
256,192,80100,1,0,0:0:0:0:
109,192,80250,1,0,0:0:0:0:
329,192,80250,1,0,0:0:0:0:
182,192,80250,1,0,0:0:0:0:
256,192,80250,1,0,0:0:0:0:
109,192,80400,1,0,0:0:0:0:
36,192,80400,1,0,0:0:0:0:
109,192,80550,1,0,0:0:0:0:
329,192,80550,1,0,0:0:0:0:
182,192,80550,1,0,0:0:0:0:
256,192,80550,1,0,0:0:0:0:
109,192,80700,1,0,0:0:0:0:
329,192,80700,1,0,0:0:0:0:
182,192,80700,1,0,0:0:0:0:
256,192,80700,1,0,0:0:0:0:
36,192,80700,1,0,0:0:0:0:
109,192,80850,1,0,0:0:0:0:
329,192,80850,1,0,0:0:0:0:
182,192,80850,1,0,0:0:0:0:
256,192,80850,1,0,0:0:0:0:
109,192,81000,1,0,0:0:0:0:
329,192,81000,1,0,0:0:0:0:
182,192,81000,1,0,0:0:0:0:
256,192,81000,1,0,0:0:0:0:
36,192,81000,1,0,0:0:0:0:
109,192,81150,1,0,0:0:0:0:
329,192,81150,1,0,0:0:0:0:
182,192,81150,1,0,0:0:0:0:
256,192,81150,1,0,0:0:0:0:
109,192,81300,1,0,0:0:0:0:
329,192,81300,1,0,0:0:0:0:
182,192,81300,1,0,0:0:0:0:
256,192,81300,1,0,0:0:0:0:
36,192,81300,1,0,0:0:0:0:
109,192,81450,1,0,0:0:0:0:
329,192,81450,1,0,0:0:0:0:
182,192,81450,1,0,0:0:0:0:
256,192,81450,1,0,0:0:0:0:
109,192,81600,1,0,0:0:0:0:
329,192,81600,1,0,0:0:0:0:
182,192,81600,1,0,0:0:0:0:
256,192,81600,1,0,0:0:0:0:
402,192,81600,1,0,0:0:0:0:
475,192,81600,1,0,0:0:0:0:
36,192,81600,1,0,0:0:0:0:
109,192,81750,1,0,0:0:0:0:
109,192,81900,1,0,0:0:0:0:
329,192,81900,1,0,0:0:0:0:
182,192,81900,1,0,0:0:0:0:
256,192,81900,1,0,0:0:0:0:
402,192,81900,1,0,0:0:0:0:
36,192,81900,1,0,0:0:0:0:
109,192,82050,1,0,0:0:0:0:
109,192,82200,1,0,0:0:0:0:
329,192,82200,1,0,0:0:0:0:
182,192,82200,1,0,0:0:0:0:
256,192,82200,1,0,0:0:0:0:
402,192,82200,1,0,0:0:0:0:
36,192,82200,1,0,0:0:0:0:
109,192,82350,1,0,0:0:0:0:
109,192,82500,1,0,0:0:0:0:
329,192,82500,1,0,0:0:0:0:
182,192,82500,1,0,0:0:0:0:
256,192,82500,1,0,0:0:0:0:
109,192,82650,1,0,0:0:0:0:
329,192,82650,1,0,0:0:0:0:
182,192,82650,1,0,0:0:0:0:
256,192,82650,1,0,0:0:0:0:
109,192,82800,1,0,0:0:0:0:
36,192,82800,1,0,0:0:0:0:
109,192,82950,1,0,0:0:0:0:
329,192,82950,1,0,0:0:0:0:
182,192,82950,1,0,0:0:0:0:
256,192,82950,1,0,0:0:0:0:
109,192,83100,1,0,0:0:0:0:
329,192,83100,1,0,0:0:0:0:
182,192,83100,1,0,0:0:0:0:
256,192,83100,1,0,0:0:0:0:
36,192,83100,1,0,0:0:0:0:
109,192,83250,1,0,0:0:0:0:
329,192,83250,1,0,0:0:0:0:
182,192,83250,1,0,0:0:0:0:
256,192,83250,1,0,0:0:0:0:
109,192,83400,1,0,0:0:0:0:
329,192,83400,1,0,0:0:0:0:
182,192,83400,1,0,0:0:0:0:
256,192,83400,1,0,0:0:0:0:
36,192,83400,1,0,0:0:0:0:
109,192,83550,1,0,0:0:0:0:
329,192,83550,1,0,0:0:0:0:
182,192,83550,1,0,0:0:0:0:
256,192,83550,1,0,0:0:0:0:
109,192,83700,1,0,0:0:0:0:
329,192,83700,1,0,0:0:0:0:
182,192,83700,1,0,0:0:0:0:
256,192,83700,1,0,0:0:0:0:
36,192,83700,1,0,0:0:0:0:
109,192,83850,1,0,0:0:0:0:
329,192,83850,1,0,0:0:0:0:
182,192,83850,1,0,0:0:0:0:
256,192,83850,1,0,0:0:0:0:
109,192,84000,1,0,0:0:0:0:
329,192,84000,1,0,0:0:0:0:
182,192,84000,1,0,0:0:0:0:
256,192,84000,1,0,0:0:0:0:
475,192,84000,1,0,0:0:0:0:
402,192,84000,1,0,0:0:0:0:
36,192,84000,1,0,0:0:0:0:
109,192,84150,1,0,0:0:0:0:
109,192,84300,1,0,0:0:0:0:
329,192,84300,1,0,0:0:0:0:
182,192,84300,1,0,0:0:0:0:
256,192,84300,1,0,0:0:0:0:
402,192,84300,1,0,0:0:0:0:
36,192,84300,1,0,0:0:0:0:
109,192,84450,1,0,0:0:0:0:
109,192,84600,1,0,0:0:0:0:
329,192,84600,1,0,0:0:0:0:
182,192,84600,1,0,0:0:0:0:
256,192,84600,1,0,0:0:0:0:
402,192,84600,1,0,0:0:0:0:
36,192,84600,1,0,0:0:0:0:
109,192,84750,1,0,0:0:0:0:
109,192,84900,1,0,0:0:0:0:
329,192,84900,1,0,0:0:0:0:
182,192,84900,1,0,0:0:0:0:
256,192,84900,1,0,0:0:0:0:
109,192,85050,1,0,0:0:0:0:
329,192,85050,1,0,0:0:0:0:
182,192,85050,1,0,0:0:0:0:
256,192,85050,1,0,0:0:0:0:
109,192,85200,1,0,0:0:0:0:
36,192,85200,1,0,0:0:0:0:
109,192,85350,1,0,0:0:0:0:
329,192,85350,1,0,0:0:0:0:
182,192,85350,1,0,0:0:0:0:
256,192,85350,1,0,0:0:0:0:
109,192,85500,1,0,0:0:0:0:
329,192,85500,1,0,0:0:0:0:
182,192,85500,1,0,0:0:0:0:
256,192,85500,1,0,0:0:0:0:
36,192,85500,1,0,0:0:0:0:
109,192,85650,1,0,0:0:0:0:
329,192,85650,1,0,0:0:0:0:
182,192,85650,1,0,0:0:0:0:
256,192,85650,1,0,0:0:0:0:
109,192,85800,1,0,0:0:0:0:
329,192,85800,1,0,0:0:0:0:
182,192,85800,1,0,0:0:0:0:
256,192,85800,1,0,0:0:0:0:
36,192,85800,1,0,0:0:0:0:
109,192,85950,1,0,0:0:0:0:
329,192,85950,1,0,0:0:0:0:
182,192,85950,1,0,0:0:0:0:
256,192,85950,1,0,0:0:0:0:
109,192,86100,1,0,0:0:0:0:
329,192,86100,1,0,0:0:0:0:
182,192,86100,1,0,0:0:0:0:
256,192,86100,1,0,0:0:0:0:
36,192,86100,1,0,0:0:0:0:
109,192,86250,1,0,0:0:0:0:
329,192,86250,1,0,0:0:0:0:
182,192,86250,1,0,0:0:0:0:
256,192,86250,1,0,0:0:0:0:
109,192,86400,1,0,0:0:0:0:
329,192,86400,1,0,0:0:0:0:
182,192,86400,1,0,0:0:0:0:
256,192,86400,1,0,0:0:0:0:
402,192,86400,1,0,0:0:0:0:
475,192,86400,1,0,0:0:0:0:
36,192,86400,1,0,0:0:0:0:
109,192,86550,1,0,0:0:0:0:
109,192,86700,1,0,0:0:0:0:
329,192,86700,1,0,0:0:0:0:
182,192,86700,1,0,0:0:0:0:
256,192,86700,1,0,0:0:0:0:
402,192,86700,1,0,0:0:0:0:
36,192,86700,1,0,0:0:0:0:
109,192,86850,1,0,0:0:0:0:
109,192,87000,1,0,0:0:0:0:
329,192,87000,1,0,0:0:0:0:
182,192,87000,1,0,0:0:0:0:
256,192,87000,1,0,0:0:0:0:
402,192,87000,1,0,0:0:0:0:
36,192,87000,1,0,0:0:0:0:
109,192,87150,1,0,0:0:0:0:
109,192,87300,1,0,0:0:0:0:
329,192,87300,1,0,0:0:0:0:
182,192,87300,1,0,0:0:0:0:
256,192,87300,1,0,0:0:0:0:
109,192,87450,1,0,0:0:0:0:
329,192,87450,1,0,0:0:0:0:
182,192,87450,1,0,0:0:0:0:
256,192,87450,1,0,0:0:0:0:
109,192,87600,1,0,0:0:0:0:
36,192,87600,1,0,0:0:0:0:
109,192,87750,1,0,0:0:0:0:
329,192,87750,1,0,0:0:0:0:
182,192,87750,1,0,0:0:0:0:
256,192,87750,1,0,0:0:0:0:
109,192,87900,1,0,0:0:0:0:
329,192,87900,1,0,0:0:0:0:
182,192,87900,1,0,0:0:0:0:
256,192,87900,1,0,0:0:0:0:
36,192,87900,1,0,0:0:0:0:
109,192,88050,1,0,0:0:0:0:
329,192,88050,1,0,0:0:0:0:
182,192,88050,1,0,0:0:0:0:
256,192,88050,1,0,0:0:0:0:
109,192,88200,1,0,0:0:0:0:
329,192,88200,1,0,0:0:0:0:
182,192,88200,1,0,0:0:0:0:
256,192,88200,1,0,0:0:0:0:
36,192,88200,1,0,0:0:0:0:
109,192,88350,1,0,0:0:0:0:
329,192,88350,1,0,0:0:0:0:
182,192,88350,1,0,0:0:0:0:
256,192,88350,1,0,0:0:0:0:
109,192,88500,1,0,0:0:0:0:
329,192,88500,1,0,0:0:0:0:
182,192,88500,1,0,0:0:0:0:
256,192,88500,1,0,0:0:0:0:
36,192,88500,1,0,0:0:0:0:
109,192,88650,1,0,0:0:0:0:
329,192,88650,1,0,0:0:0:0:
182,192,88650,1,0,0:0:0:0:
256,192,88650,1,0,0:0:0:0:
109,192,88800,1,0,0:0:0:0:
329,192,88800,1,0,0:0:0:0:
182,192,88800,1,0,0:0:0:0:
256,192,88800,1,0,0:0:0:0:
402,192,88800,1,0,0:0:0:0:
475,192,88800,1,0,0:0:0:0:
36,192,88800,1,0,0:0:0:0:
109,192,88950,1,0,0:0:0:0:
109,192,89100,1,0,0:0:0:0:
329,192,89100,1,0,0:0:0:0:
182,192,89100,1,0,0:0:0:0:
256,192,89100,1,0,0:0:0:0:
402,192,89100,1,0,0:0:0:0:
36,192,89100,1,0,0:0:0:0:
109,192,89250,1,0,0:0:0:0:
109,192,89400,1,0,0:0:0:0:
329,192,89400,1,0,0:0:0:0:
182,192,89400,1,0,0:0:0:0:
256,192,89400,1,0,0:0:0:0:
402,192,89400,1,0,0:0:0:0:
36,192,89400,1,0,0:0:0:0:
109,192,89550,1,0,0:0:0:0:
109,192,89700,1,0,0:0:0:0:
329,192,89700,1,0,0:0:0:0:
182,192,89700,1,0,0:0:0:0:
256,192,89700,1,0,0:0:0:0:
109,192,89850,1,0,0:0:0:0:
329,192,89850,1,0,0:0:0:0:
182,192,89850,1,0,0:0:0:0:
256,192,89850,1,0,0:0:0:0:
109,192,90000,1,0,0:0:0:0:
36,192,90000,1,0,0:0:0:0:
109,192,90150,1,0,0:0:0:0:
329,192,90150,1,0,0:0:0:0:
182,192,90150,1,0,0:0:0:0:
256,192,90150,1,0,0:0:0:0:
109,192,90300,1,0,0:0:0:0:
329,192,90300,1,0,0:0:0:0:
182,192,90300,1,0,0:0:0:0:
256,192,90300,1,0,0:0:0:0:
36,192,90300,1,0,0:0:0:0:
109,192,90450,1,0,0:0:0:0:
329,192,90450,1,0,0:0:0:0:
182,192,90450,1,0,0:0:0:0:
256,192,90450,1,0,0:0:0:0:
109,192,90600,1,0,0:0:0:0:
329,192,90600,1,0,0:0:0:0:
182,192,90600,1,0,0:0:0:0:
256,192,90600,1,0,0:0:0:0:
36,192,90600,1,0,0:0:0:0:
109,192,90750,1,0,0:0:0:0:
329,192,90750,1,0,0:0:0:0:
182,192,90750,1,0,0:0:0:0:
256,192,90750,1,0,0:0:0:0:
109,192,90900,1,0,0:0:0:0:
329,192,90900,1,0,0:0:0:0:
182,192,90900,1,0,0:0:0:0:
256,192,90900,1,0,0:0:0:0:
36,192,90900,1,0,0:0:0:0:
109,192,91050,1,0,0:0:0:0:
329,192,91050,1,0,0:0:0:0:
182,192,91050,1,0,0:0:0:0:
256,192,91050,1,0,0:0:0:0:
109,192,91200,1,0,0:0:0:0:
329,192,91200,1,0,0:0:0:0:
182,192,91200,1,0,0:0:0:0:
256,192,91200,1,0,0:0:0:0:
402,192,91200,1,0,0:0:0:0:
475,192,91200,1,0,0:0:0:0:
36,192,91200,1,0,0:0:0:0:
109,192,91350,1,0,0:0:0:0:
109,192,91500,1,0,0:0:0:0:
329,192,91500,1,0,0:0:0:0:
182,192,91500,1,0,0:0:0:0:
256,192,91500,1,0,0:0:0:0:
402,192,91500,1,0,0:0:0:0:
36,192,91500,1,0,0:0:0:0:
109,192,91650,1,0,0:0:0:0:
109,192,91800,1,0,0:0:0:0:
329,192,91800,1,0,0:0:0:0:
182,192,91800,1,0,0:0:0:0:
256,192,91800,1,0,0:0:0:0:
402,192,91800,1,0,0:0:0:0:
36,192,91800,1,0,0:0:0:0:
109,192,91950,1,0,0:0:0:0:
109,192,92100,1,0,0:0:0:0:
329,192,92100,1,0,0:0:0:0:
182,192,92100,1,0,0:0:0:0:
256,192,92100,1,0,0:0:0:0:
109,192,92250,1,0,0:0:0:0:
329,192,92250,1,0,0:0:0:0:
182,192,92250,1,0,0:0:0:0:
256,192,92250,1,0,0:0:0:0:
109,192,92400,1,0,0:0:0:0:
36,192,92400,1,0,0:0:0:0:
109,192,92550,1,0,0:0:0:0:
329,192,92550,1,0,0:0:0:0:
182,192,92550,1,0,0:0:0:0:
256,192,92550,1,0,0:0:0:0:
109,192,92700,1,0,0:0:0:0:
329,192,92700,1,0,0:0:0:0:
182,192,92700,1,0,0:0:0:0:
256,192,92700,1,0,0:0:0:0:
36,192,92700,1,0,0:0:0:0:
109,192,92850,1,0,0:0:0:0:
329,192,92850,1,0,0:0:0:0:
182,192,92850,1,0,0:0:0:0:
256,192,92850,1,0,0:0:0:0:
109,192,93000,1,0,0:0:0:0:
329,192,93000,1,0,0:0:0:0:
182,192,93000,1,0,0:0:0:0:
256,192,93000,1,0,0:0:0:0:
36,192,93000,1,0,0:0:0:0:
109,192,93150,1,0,0:0:0:0:
329,192,93150,1,0,0:0:0:0:
182,192,93150,1,0,0:0:0:0:
256,192,93150,1,0,0:0:0:0:
109,192,93300,1,0,0:0:0:0:
329,192,93300,1,0,0:0:0:0:
182,192,93300,1,0,0:0:0:0:
256,192,93300,1,0,0:0:0:0:
36,192,93300,1,0,0:0:0:0:
109,192,93450,1,0,0:0:0:0:
329,192,93450,1,0,0:0:0:0:
182,192,93450,1,0,0:0:0:0:
256,192,93450,1,0,0:0:0:0:
109,192,93600,1,0,0:0:0:0:
329,192,93600,1,0,0:0:0:0:
182,192,93600,1,0,0:0:0:0:
256,192,93600,1,0,0:0:0:0:
402,192,93600,1,0,0:0:0:0:
475,192,93600,1,0,0:0:0:0:
36,192,93600,1,0,0:0:0:0:
109,192,93750,1,0,0:0:0:0:
109,192,93900,1,0,0:0:0:0:
329,192,93900,1,0,0:0:0:0:
182,192,93900,1,0,0:0:0:0:
256,192,93900,1,0,0:0:0:0:
402,192,93900,1,0,0:0:0:0:
36,192,93900,1,0,0:0:0:0:
109,192,94050,1,0,0:0:0:0:
109,192,94200,1,0,0:0:0:0:
329,192,94200,1,0,0:0:0:0:
182,192,94200,1,0,0:0:0:0:
256,192,94200,1,0,0:0:0:0:
402,192,94200,1,0,0:0:0:0:
36,192,94200,1,0,0:0:0:0:
109,192,94350,1,0,0:0:0:0:
109,192,94500,1,0,0:0:0:0:
329,192,94500,1,0,0:0:0:0:
182,192,94500,1,0,0:0:0:0:
256,192,94500,1,0,0:0:0:0:
109,192,94650,1,0,0:0:0:0:
329,192,94650,1,0,0:0:0:0:
182,192,94650,1,0,0:0:0:0:
256,192,94650,1,0,0:0:0:0:
109,192,94800,1,0,0:0:0:0:
36,192,94800,1,0,0:0:0:0:
109,192,94950,1,0,0:0:0:0:
329,192,94950,1,0,0:0:0:0:
182,192,94950,1,0,0:0:0:0:
256,192,94950,1,0,0:0:0:0:
109,192,95100,1,0,0:0:0:0:
329,192,95100,1,0,0:0:0:0:
182,192,95100,1,0,0:0:0:0:
256,192,95100,1,0,0:0:0:0:
36,192,95100,1,0,0:0:0:0:
109,192,95250,1,0,0:0:0:0:
329,192,95250,1,0,0:0:0:0:
182,192,95250,1,0,0:0:0:0:
256,192,95250,1,0,0:0:0:0:
109,192,95400,1,0,0:0:0:0:
329,192,95400,1,0,0:0:0:0:
182,192,95400,1,0,0:0:0:0:
256,192,95400,1,0,0:0:0:0:
36,192,95400,1,0,0:0:0:0:
109,192,95550,1,0,0:0:0:0:
329,192,95550,1,0,0:0:0:0:
182,192,95550,1,0,0:0:0:0:
256,192,95550,1,0,0:0:0:0:
109,192,95700,1,0,0:0:0:0:
329,192,95700,1,0,0:0:0:0:
182,192,95700,1,0,0:0:0:0:
256,192,95700,1,0,0:0:0:0:
36,192,95700,1,0,0:0:0:0:
109,192,95850,1,0,0:0:0:0:
329,192,95850,1,0,0:0:0:0:
182,192,95850,1,0,0:0:0:0:
256,192,95850,1,0,0:0:0:0:
109,192,96000,1,0,0:0:0:0:
329,192,96000,1,0,0:0:0:0:
182,192,96000,1,0,0:0:0:0:
256,192,96000,1,0,0:0:0:0:
402,192,96000,1,0,0:0:0:0:
475,192,96000,1,0,0:0:0:0:
36,192,96000,1,0,0:0:0:0:
109,192,96150,1,0,0:0:0:0:
109,192,96300,1,0,0:0:0:0:
329,192,96300,1,0,0:0:0:0:
182,192,96300,1,0,0:0:0:0:
256,192,96300,1,0,0:0:0:0:
402,192,96300,1,0,0:0:0:0:
36,192,96300,1,0,0:0:0:0:
109,192,96450,1,0,0:0:0:0:
109,192,96600,1,0,0:0:0:0:
329,192,96600,1,0,0:0:0:0:
182,192,96600,1,0,0:0:0:0:
256,192,96600,1,0,0:0:0:0:
402,192,96600,1,0,0:0:0:0:
36,192,96600,1,0,0:0:0:0:
109,192,96750,1,0,0:0:0:0:
329,192,96750,1,0,0:0:0:0:
182,192,96750,1,0,0:0:0:0:
256,192,96750,1,0,0:0:0:0:
402,192,96750,1,0,0:0:0:0:
36,192,96750,1,0,0:0:0:0:
109,192,97200,1,0,0:0:0:0:
329,192,97200,1,0,0:0:0:0:
182,192,97200,1,0,0:0:0:0:
256,192,97200,1,0,0:0:0:0:
402,192,97200,1,0,0:0:0:0:
475,192,97200,1,0,0:0:0:0:
36,192,97200,1,0,0:0:0:0: