36,192,1500,5,0,0:0:0:0:
256,192,1500,1,0,0:0:0:0:
475,192,1500,1,0,0:0:0:0:
36,192,1750,1,0,0:0:0:0:
36,192,2000,1,0,0:0:0:0:
256,192,2000,1,0,0:0:0:0:
36,192,2250,1,0,0:0:0:0:
36,192,2500,1,0,0:0:0:0:
256,192,2500,1,0,0:0:0:0:
36,192,2750,1,0,0:0:0:0:
36,192,3000,1,0,0:0:0:0:
256,192,3000,1,0,0:0:0:0:
475,192,3000,1,0,0:0:0:0:
36,192,3250,1,0,0:0:0:0:
36,192,3500,1,0,0:0:0:0:
256,192,3500,1,0,0:0:0:0:
36,192,3750,1,0,0:0:0:0:
36,192,4000,1,0,0:0:0:0:
256,192,4000,1,0,0:0:0:0:
36,192,4250,1,0,0:0:0:0:
36,192,4500,1,0,0:0:0:0:
256,192,4500,1,0,0:0:0:0:
475,192,4500,1,0,0:0:0:0:
36,192,4750,1,0,0:0:0:0:
36,192,5000,1,0,0:0:0:0:
256,192,5000,1,0,0:0:0:0:
36,192,5250,1,0,0:0:0:0:
36,192,5500,1,0,0:0:0:0:
256,192,5500,1,0,0:0:0:0:
36,192,5750,1,0,0:0:0:0:
36,192,6000,1,0,0:0:0:0:
256,192,6000,1,0,0:0:0:0:
475,192,6000,1,0,0:0:0:0:
36,192,6250,1,0,0:0:0:0:
36,192,6500,1,0,0:0:0:0:
256,192,6500,1,0,0:0:0:0:
36,192,6750,1,0,0:0:0:0:
36,192,7000,1,0,0:0:0:0:
256,192,7000,1,0,0:0:0:0:
36,192,7250,1,0,0:0:0:0:
36,192,7500,1,0,0:0:0:0:
256,192,7500,1,0,0:0:0:0:
475,192,7500,1,0,0:0:0:0:
36,192,7750,1,0,0:0:0:0:
36,192,8000,1,0,0:0:0:0:
256,192,8000,1,0,0:0:0:0:
36,192,8250,1,0,0:0:0:0:
36,192,8500,1,0,0:0:0:0:
256,192,8500,1,0,0:0:0:0:
36,192,8750,1,0,0:0:0:0:
36,192,9000,1,0,0:0:0:0:
256,192,9000,1,0,0:0:0:0:
475,192,9000,1,0,0:0:0:0:
36,192,9250,1,0,0:0:0:0:
36,192,9500,1,0,0:0:0:0:
256,192,9500,1,0,0:0:0:0:
36,192,9750,1,0,0:0:0:0:
36,192,10000,1,0,0:0:0:0:
256,192,10000,1,0,0:0:0:0:
36,192,10250,1,0,0:0:0:0:
36,192,10500,1,0,0:0:0:0:
256,192,10500,1,0,0:0:0:0:
475,192,10500,1,0,0:0:0:0:
36,192,10750,1,0,0:0:0:0:
36,192,11000,1,0,0:0:0:0:
256,192,11000,1,0,0:0:0:0:
36,192,11250,1,0,0:0:0:0:
36,192,11500,1,0,0:0:0:0:
256,192,11500,1,0,0:0:0:0:
36,192,11750,1,0,0:0:0:0:
36,192,12000,1,0,0:0:0:0:
256,192,12000,1,0,0:0:0:0:
475,192,12000,1,0,0:0:0:0:
36,192,12250,1,0,0:0:0:0:
36,192,12500,1,0,0:0:0:0:
256,192,12500,1,0,0:0:0:0:
36,192,12750,1,0,0:0:0:0:
36,192,13000,1,0,0:0:0:0:
256,192,13000,1,0,0:0:0:0:
36,192,13250,1,0,0:0:0:0:
36,192,13500,1,0,0:0:0:0:
182,192,13500,1,0,0:0:0:0:
256,192,13500,1,0,0:0:0:0:
475,192,13500,1,0,0:0:0:0:
36,192,13750,1,0,0:0:0:0:
36,192,14000,1,0,0:0:0:0:
182,192,14000,1,0,0:0:0:0:
256,192,14000,1,0,0:0:0:0:
36,192,14250,1,0,0:0:0:0:
36,192,14500,1,0,0:0:0:0:
256,192,14500,1,0,0:0:0:0:
36,192,14750,1,0,0:0:0:0:
182,192,14750,1,0,0:0:0:0:
36,192,15000,1,0,0:0:0:0:
182,192,15000,1,0,0:0:0:0:
256,192,15000,1,0,0:0:0:0:
475,192,15000,1,0,0:0:0:0:
36,192,15250,1,0,0:0:0:0:
36,192,15500,1,0,0:0:0:0:
182,192,15500,1,0,0:0:0:0:
256,192,15500,1,0,0:0:0:0:
36,192,15750,1,0,0:0:0:0:
36,192,16000,1,0,0:0:0:0:
256,192,16000,1,0,0:0:0:0:
36,192,16250,1,0,0:0:0:0:
36,192,16500,1,0,0:0:0:0:
182,192,16500,1,0,0:0:0:0:
256,192,16500,1,0,0:0:0:0:
475,192,16500,1,0,0:0:0:0:
36,192,16750,1,0,0:0:0:0:
36,192,17000,1,0,0:0:0:0:
182,192,17000,1,0,0:0:0:0:
256,192,17000,1,0,0:0:0:0:
36,192,17250,1,0,0:0:0:0:
36,192,17500,1,0,0:0:0:0:
256,192,17500,1,0,0:0:0:0:
36,192,17750,1,0,0:0:0:0:
182,192,17750,1,0,0:0:0:0:
36,192,18000,1,0,0:0:0:0:
182,192,18000,1,0,0:0:0:0:
256,192,18000,1,0,0:0:0:0:
475,192,18000,1,0,0:0:0:0:
36,192,18250,1,0,0:0:0:0:
36,192,18500,1,0,0:0:0:0:
182,192,18500,1,0,0:0:0:0:
256,192,18500,1,0,0:0:0:0:
36,192,18750,1,0,0:0:0:0:
182,192,18750,1,0,0:0:0:0:
36,192,19000,1,0,0:0:0:0:
182,192,19000,1,0,0:0:0:0:
256,192,19000,1,0,0:0:0:0:
36,192,19250,1,0,0:0:0:0:
182,192,19250,1,0,0:0:0:0:
36,192,19500,1,0,0:0:0:0:
182,192,19500,1,0,0:0:0:0:
256,192,19500,1,0,0:0:0:0:
475,192,19500,1,0,0:0:0:0:
36,192,19750,1,0,0:0:0:0:
36,192,20000,1,0,0:0:0:0:
182,192,20000,1,0,0:0:0:0:
256,192,20000,1,0,0:0:0:0:
36,192,20250,1,0,0:0:0:0:
36,192,20500,1,0,0:0:0:0:
256,192,20500,1,0,0:0:0:0:
36,192,20750,1,0,0:0:0:0:
182,192,20750,1,0,0:0:0:0:
36,192,21000,1,0,0:0:0:0:
182,192,21000,1,0,0:0:0:0:
256,192,21000,1,0,0:0:0:0:
475,192,21000,1,0,0:0:0:0:
36,192,21250,1,0,0:0:0:0:
36,192,21500,1,0,0:0:0:0:
182,192,21500,1,0,0:0:0:0:
256,192,21500,1,0,0:0:0:0:
36,192,21750,1,0,0:0:0:0:
36,192,22000,1,0,0:0:0:0:
256,192,22000,1,0,0:0:0:0:
36,192,22250,1,0,0:0:0:0:
36,192,22500,1,0,0:0:0:0:
182,192,22500,1,0,0:0:0:0:
256,192,22500,1,0,0:0:0:0:
475,192,22500,1,0,0:0:0:0:
36,192,22750,1,0,0:0:0:0:
36,192,23000,1,0,0:0:0:0:
182,192,23000,1,0,0:0:0:0:
256,192,23000,1,0,0:0:0:0:
36,192,23250,1,0,0:0:0:0:
36,192,23500,1,0,0:0:0:0:
182,192,23500,1,0,0:0:0:0:
256,192,23500,1,0,0:0:0:0:
36,192,23750,1,0,0:0:0:0:
36,192,24000,1,0,0:0:0:0:
182,192,24000,1,0,0:0:0:0:
256,192,24000,1,0,0:0:0:0:
475,192,24000,1,0,0:0:0:0:
36,192,24250,1,0,0:0:0:0:
182,192,24250,1,0,0:0:0:0:
36,192,24500,1,0,0:0:0:0:
182,192,24500,1,0,0:0:0:0:
256,192,24500,1,0,0:0:0:0:
36,192,24750,1,0,0:0:0:0:
182,192,24750,1,0,0:0:0:0:
36,192,25000,1,0,0:0:0:0:
182,192,25000,1,0,0:0:0:0:
256,192,25000,1,0,0:0:0:0:
36,192,25250,1,0,0:0:0:0:
182,192,25250,1,0,0:0:0:0:
36,192,25500,1,0,0:0:0:0:
182,192,25500,1,0,0:0:0:0:
109,192,25500,1,0,0:0:0:0:
256,192,25500,1,0,0:0:0:0:
475,192,25500,1,0,0:0:0:0:
36,192,25750,1,0,0:0:0:0:
36,192,26000,1,0,0:0:0:0:
182,192,26000,1,0,0:0:0:0:
109,192,26000,1,0,0:0:0:0:
256,192,26000,1,0,0:0:0:0:
36,192,26250,1,0,0:0:0:0:
109,192,26250,1,0,0:0:0:0:
36,192,26500,1,0,0:0:0:0:
109,192,26500,1,0,0:0:0:0:
256,192,26500,1,0,0:0:0:0:
36,192,26750,1,0,0:0:0:0:
182,192,26750,1,0,0:0:0:0:
109,192,26750,1,0,0:0:0:0:
36,192,27000,1,0,0:0:0:0:
182,192,27000,1,0,0:0:0:0:
109,192,27000,1,0,0:0:0:0:
256,192,27000,1,0,0:0:0:0:
475,192,27000,1,0,0:0:0:0:
36,192,27250,1,0,0:0:0:0:
182,192,27250,1,0,0:0:0:0:
109,192,27250,1,0,0:0:0:0:
36,192,27500,1,0,0:0:0:0:
182,192,27500,1,0,0:0:0:0:
109,192,27500,1,0,0:0:0:0:
256,192,27500,1,0,0:0:0:0:
36,192,27750,1,0,0:0:0:0:
109,192,27750,1,0,0:0:0:0:
36,192,28000,1,0,0:0:0:0:
109,192,28000,1,0,0:0:0:0:
256,192,28000,1,0,0:0:0:0:
36,192,28250,1,0,0:0:0:0:
36,192,28500,1,0,0:0:0:0:
182,192,28500,1,0,0:0:0:0:
109,192,28500,1,0,0:0:0:0:
256,192,28500,1,0,0:0:0:0:
475,192,28500,1,0,0:0:0:0:
36,192,28750,1,0,0:0:0:0:
36,192,29000,1,0,0:0:0:0:
182,192,29000,1,0,0:0:0:0:
109,192,29000,1,0,0:0:0:0:
256,192,29000,1,0,0:0:0:0:
36,192,29250,1,0,0:0:0:0:
109,192,29250,1,0,0:0:0:0:
36,192,29500,1,0,0:0:0:0:
182,192,29500,1,0,0:0:0:0:
109,192,29500,1,0,0:0:0:0:
256,192,29500,1,0,0:0:0:0:
36,192,29750,1,0,0:0:0:0:
109,192,29750,1,0,0:0:0:0:
36,192,30000,1,0,0:0:0:0:
182,192,30000,1,0,0:0:0:0:
109,192,30000,1,0,0:0:0:0:
256,192,30000,1,0,0:0:0:0:
475,192,30000,1,0,0:0:0:0:
36,192,30250,1,0,0:0:0:0:
109,192,30250,1,0,0:0:0:0:
36,192,30500,1,0,0:0:0:0:
182,192,30500,1,0,0:0:0:0:
109,192,30500,1,0,0:0:0:0:
256,192,30500,1,0,0:0:0:0:
36,192,30750,1,0,0:0:0:0:
109,192,30750,1,0,0:0:0:0:
36,192,31000,1,0,0:0:0:0:
109,192,31000,1,0,0:0:0:0:
256,192,31000,1,0,0:0:0:0:
36,192,31250,1,0,0:0:0:0:
36,192,31500,1,0,0:0:0:0:
182,192,31500,1,0,0:0:0:0:
109,192,31500,1,0,0:0:0:0:
256,192,31500,1,0,0:0:0:0:
475,192,31500,1,0,0:0:0:0:
36,192,31750,1,0,0:0:0:0:
36,192,32000,1,0,0:0:0:0:
182,192,32000,1,0,0:0:0:0:
109,192,32000,1,0,0:0:0:0:
256,192,32000,1,0,0:0:0:0:
36,192,32250,1,0,0:0:0:0:
109,192,32250,1,0,0:0:0:0:
36,192,32500,1,0,0:0:0:0:
109,192,32500,1,0,0:0:0:0:
256,192,32500,1,0,0:0:0:0:
36,192,32750,1,0,0:0:0:0:
182,192,32750,1,0,0:0:0:0:
109,192,32750,1,0,0:0:0:0:
36,192,33000,1,0,0:0:0:0:
182,192,33000,1,0,0:0:0:0:
109,192,33000,1,0,0:0:0:0:
256,192,33000,1,0,0:0:0:0:
475,192,33000,1,0,0:0:0:0:
36,192,33250,1,0,0:0:0:0:
182,192,33250,1,0,0:0:0:0:
109,192,33250,1,0,0:0:0:0:
36,192,33500,1,0,0:0:0:0:
182,192,33500,1,0,0:0:0:0:
109,192,33500,1,0,0:0:0:0:
256,192,33500,1,0,0:0:0:0:
36,192,33750,1,0,0:0:0:0:
109,192,33750,1,0,0:0:0:0:
36,192,34000,1,0,0:0:0:0:
109,192,34000,1,0,0:0:0:0:
256,192,34000,1,0,0:0:0:0:
36,192,34250,1,0,0:0:0:0:
36,192,34500,1,0,0:0:0:0:
182,192,34500,1,0,0:0:0:0:
109,192,34500,1,0,0:0:0:0:
256,192,34500,1,0,0:0:0:0:
475,192,34500,1,0,0:0:0:0:
36,192,34750,1,0,0:0:0:0:
36,192,35000,1,0,0:0:0:0:
182,192,35000,1,0,0:0:0:0:
109,192,35000,1,0,0:0:0:0:
256,192,35000,1,0,0:0:0:0:
36,192,35250,1,0,0:0:0:0:
109,192,35250,1,0,0:0:0:0:
36,192,35500,1,0,0:0:0:0:
182,192,35500,1,0,0:0:0:0:
109,192,35500,1,0,0:0:0:0:
256,192,35500,1,0,0:0:0:0:
36,192,35750,1,0,0:0:0:0:
109,192,35750,1,0,0:0:0:0:
36,192,36000,1,0,0:0:0:0:
182,192,36000,1,0,0:0:0:0:
109,192,36000,1,0,0:0:0:0:
256,192,36000,1,0,0:0:0:0:
475,192,36000,1,0,0:0:0:0:
36,192,36250,1,0,0:0:0:0:
109,192,36250,1,0,0:0:0:0:
36,192,36500,1,0,0:0:0:0:
109,192,36500,1,0,0:0:0:0:
256,192,36500,1,0,0:0:0:0:
36,192,36750,1,0,0:0:0:0:
109,192,36750,1,0,0:0:0:0:
36,192,37000,1,0,0:0:0:0:
109,192,37000,1,0,0:0:0:0:
256,192,37000,1,0,0:0:0:0:
36,192,37250,1,0,0:0:0:0:
36,192,37500,1,0,0:0:0:0:
182,192,37500,1,0,0:0:0:0:
109,192,37500,1,0,0:0:0:0:
256,192,37500,1,0,0:0:0:0:
475,192,37500,1,0,0:0:0:0:
36,192,37750,1,0,0:0:0:0:
36,192,38000,1,0,0:0:0:0:
182,192,38000,1,0,0:0:0:0:
109,192,38000,1,0,0:0:0:0:
256,192,38000,1,0,0:0:0:0:
36,192,38250,1,0,0:0:0:0:
109,192,38250,1,0,0:0:0:0:
36,192,38500,1,0,0:0:0:0:
109,192,38500,1,0,0:0:0:0:
256,192,38500,1,0,0:0:0:0:
36,192,38750,1,0,0:0:0:0:
182,192,38750,1,0,0:0:0:0:
109,192,38750,1,0,0:0:0:0:
36,192,39000,1,0,0:0:0:0:
182,192,39000,1,0,0:0:0:0:
109,192,39000,1,0,0:0:0:0:
256,192,39000,1,0,0:0:0:0:
475,192,39000,1,0,0:0:0:0:
36,192,39250,1,0,0:0:0:0:
109,192,39250,1,0,0:0:0:0:
36,192,39500,1,0,0:0:0:0:
182,192,39500,1,0,0:0:0:0:
109,192,39500,1,0,0:0:0:0:
256,192,39500,1,0,0:0:0:0:
36,192,39750,1,0,0:0:0:0:
109,192,39750,1,0,0:0:0:0:
36,192,40000,1,0,0:0:0:0:
109,192,40000,1,0,0:0:0:0:
256,192,40000,1,0,0:0:0:0:
36,192,40250,1,0,0:0:0:0:
36,192,40500,1,0,0:0:0:0:
182,192,40500,1,0,0:0:0:0:
109,192,40500,1,0,0:0:0:0:
256,192,40500,1,0,0:0:0:0:
475,192,40500,1,0,0:0:0:0:
36,192,40750,1,0,0:0:0:0:
36,192,41000,1,0,0:0:0:0:
182,192,41000,1,0,0:0:0:0:
109,192,41000,1,0,0:0:0:0:
256,192,41000,1,0,0:0:0:0:
36,192,41250,1,0,0:0:0:0:
109,192,41250,1,0,0:0:0:0:
36,192,41500,1,0,0:0:0:0:
182,192,41500,1,0,0:0:0:0:
109,192,41500,1,0,0:0:0:0:
256,192,41500,1,0,0:0:0:0:
36,192,41750,1,0,0:0:0:0:
109,192,41750,1,0,0:0:0:0:
36,192,42000,1,0,0:0:0:0:
182,192,42000,1,0,0:0:0:0:
109,192,42000,1,0,0:0:0:0:
256,192,42000,1,0,0:0:0:0:
475,192,42000,1,0,0:0:0:0:
36,192,42250,1,0,0:0:0:0:
109,192,42250,1,0,0:0:0:0:
36,192,42500,1,0,0:0:0:0:
182,192,42500,1,0,0:0:0:0:
109,192,42500,1,0,0:0:0:0:
256,192,42500,1,0,0:0:0:0:
36,192,42750,1,0,0:0:0:0:
109,192,42750,1,0,0:0:0:0:
36,192,43000,1,0,0:0:0:0:
182,192,43000,1,0,0:0:0:0:
109,192,43000,1,0,0:0:0:0:
256,192,43000,1,0,0:0:0:0:
36,192,43250,1,0,0:0:0:0:
36,192,43500,1,0,0:0:0:0:
182,192,43500,1,0,0:0:0:0:
109,192,43500,1,0,0:0:0:0:
256,192,43500,1,0,0:0:0:0:
475,192,43500,1,0,0:0:0:0:
36,192,43750,1,0,0:0:0:0:
36,192,44000,1,0,0:0:0:0:
109,192,44000,1,0,0:0:0:0:
256,192,44000,1,0,0:0:0:0:
36,192,44250,1,0,0:0:0:0:
182,192,44250,1,0,0:0:0:0:
109,192,44250,1,0,0:0:0:0:
36,192,44500,1,0,0:0:0:0:
182,192,44500,1,0,0:0:0:0:
109,192,44500,1,0,0:0:0:0:
256,192,44500,1,0,0:0:0:0:
36,192,44750,1,0,0:0:0:0:
109,192,44750,1,0,0:0:0:0:
36,192,45000,1,0,0:0:0:0:
182,192,45000,1,0,0:0:0:0:
109,192,45000,1,0,0:0:0:0:
256,192,45000,1,0,0:0:0:0:
475,192,45000,1,0,0:0:0:0:
36,192,45250,1,0,0:0:0:0:
109,192,45250,1,0,0:0:0:0:
36,192,45500,1,0,0:0:0:0:
182,192,45500,1,0,0:0:0:0:
109,192,45500,1,0,0:0:0:0:
256,192,45500,1,0,0:0:0:0:
36,192,45750,1,0,0:0:0:0:
109,192,45750,1,0,0:0:0:0:
36,192,46000,1,0,0:0:0:0:
182,192,46000,1,0,0:0:0:0:
109,192,46000,1,0,0:0:0:0:
256,192,46000,1,0,0:0:0:0:
36,192,46250,1,0,0:0:0:0:
36,192,46500,1,0,0:0:0:0:
182,192,46500,1,0,0:0:0:0:
109,192,46500,1,0,0:0:0:0:
256,192,46500,1,0,0:0:0:0:
475,192,46500,1,0,0:0:0:0:
36,192,46750,1,0,0:0:0:0:
36,192,47000,1,0,0:0:0:0:
109,192,47000,1,0,0:0:0:0:
256,192,47000,1,0,0:0:0:0:
36,192,47250,1,0,0:0:0:0:
109,192,47250,1,0,0:0:0:0:
36,192,47500,1,0,0:0:0:0:
109,192,47500,1,0,0:0:0:0:
256,192,47500,1,0,0:0:0:0:
36,192,47750,1,0,0:0:0:0:
109,192,47750,1,0,0:0:0:0:
36,192,48000,1,0,0:0:0:0:
182,192,48000,1,0,0:0:0:0:
109,192,48000,1,0,0:0:0:0:
256,192,48000,1,0,0:0:0:0:
475,192,48000,1,0,0:0:0:0:
36,192,48250,1,0,0:0:0:0:
109,192,48250,1,0,0:0:0:0:
36,192,48500,1,0,0:0:0:0:
109,192,48500,1,0,0:0:0:0:
256,192,48500,1,0,0:0:0:0:
36,192,48750,1,0,0:0:0:0:
109,192,48750,1,0,0:0:0:0:
36,192,49000,1,0,0:0:0:0:
109,192,49000,1,0,0:0:0:0:
256,192,49000,1,0,0:0:0:0:
36,192,49250,1,0,0:0:0:0:
36,192,49500,1,0,0:0:0:0:
182,192,49500,1,0,0:0:0:0:
109,192,49500,1,0,0:0:0:0:
256,192,49500,1,0,0:0:0:0:
475,192,49500,1,0,0:0:0:0:
36,192,49750,1,0,0:0:0:0:
36,192,50000,1,0,0:0:0:0:
109,192,50000,1,0,0:0:0:0:
256,192,50000,1,0,0:0:0:0:
36,192,50250,1,0,0:0:0:0:
182,192,50250,1,0,0:0:0:0:
109,192,50250,1,0,0:0:0:0:
36,192,50500,1,0,0:0:0:0:
182,192,50500,1,0,0:0:0:0:
109,192,50500,1,0,0:0:0:0:
256,192,50500,1,0,0:0:0:0:
36,192,50750,1,0,0:0:0:0:
109,192,50750,1,0,0:0:0:0:
36,192,51000,1,0,0:0:0:0:
182,192,51000,1,0,0:0:0:0:
109,192,51000,1,0,0:0:0:0:
256,192,51000,1,0,0:0:0:0:
475,192,51000,1,0,0:0:0:0:
36,192,51250,1,0,0:0:0:0:
109,192,51250,1,0,0:0:0:0:
36,192,51500,1,0,0:0:0:0:
182,192,51500,1,0,0:0:0:0:
109,192,51500,1,0,0:0:0:0:
256,192,51500,1,0,0:0:0:0:
36,192,51750,1,0,0:0:0:0:
109,192,51750,1,0,0:0:0:0:
36,192,52000,1,0,0:0:0:0:
182,192,52000,1,0,0:0:0:0:
109,192,52000,1,0,0:0:0:0:
256,192,52000,1,0,0:0:0:0:
36,192,52250,1,0,0:0:0:0:
36,192,52500,1,0,0:0:0:0:
182,192,52500,1,0,0:0:0:0:
109,192,52500,1,0,0:0:0:0:
256,192,52500,1,0,0:0:0:0:
475,192,52500,1,0,0:0:0:0:
36,192,52750,1,0,0:0:0:0:
36,192,53000,1,0,0:0:0:0:
109,192,53000,1,0,0:0:0:0:
256,192,53000,1,0,0:0:0:0:
36,192,53250,1,0,0:0:0:0:
182,192,53250,1,0,0:0:0:0:
109,192,53250,1,0,0:0:0:0:
36,192,53500,1,0,0:0:0:0:
182,192,53500,1,0,0:0:0:0:
109,192,53500,1,0,0:0:0:0:
256,192,53500,1,0,0:0:0:0:
36,192,53750,1,0,0:0:0:0:
109,192,53750,1,0,0:0:0:0:
36,192,54000,1,0,0:0:0:0:
182,192,54000,1,0,0:0:0:0:
109,192,54000,1,0,0:0:0:0:
256,192,54000,1,0,0:0:0:0:
475,192,54000,1,0,0:0:0:0:
36,192,54250,1,0,0:0:0:0:
109,192,54250,1,0,0:0:0:0:
36,192,54500,1,0,0:0:0:0:
182,192,54500,1,0,0:0:0:0:
109,192,54500,1,0,0:0:0:0:
256,192,54500,1,0,0:0:0:0:
36,192,54750,1,0,0:0:0:0:
109,192,54750,1,0,0:0:0:0:
36,192,55000,1,0,0:0:0:0:
182,192,55000,1,0,0:0:0:0:
109,192,55000,1,0,0:0:0:0:
256,192,55000,1,0,0:0:0:0:
36,192,55250,1,0,0:0:0:0:
36,192,55500,1,0,0:0:0:0:
182,192,55500,1,0,0:0:0:0:
109,192,55500,1,0,0:0:0:0:
256,192,55500,1,0,0:0:0:0:
475,192,55500,1,0,0:0:0:0:
36,192,55750,1,0,0:0:0:0:
36,192,56000,1,0,0:0:0:0:
109,192,56000,1,0,0:0:0:0:
256,192,56000,1,0,0:0:0:0:
36,192,56250,1,0,0:0:0:0:
182,192,56250,1,0,0:0:0:0:
109,192,56250,1,0,0:0:0:0:
36,192,56500,1,0,0:0:0:0:
182,192,56500,1,0,0:0:0:0:
109,192,56500,1,0,0:0:0:0:
256,192,56500,1,0,0:0:0:0:
36,192,56750,1,0,0:0:0:0:
109,192,56750,1,0,0:0:0:0:
36,192,57000,1,0,0:0:0:0:
182,192,57000,1,0,0:0:0:0:
109,192,57000,1,0,0:0:0:0:
256,192,57000,1,0,0:0:0:0:
475,192,57000,1,0,0:0:0:0:
36,192,57250,1,0,0:0:0:0:
109,192,57250,1,0,0:0:0:0:
36,192,57500,1,0,0:0:0:0:
182,192,57500,1,0,0:0:0:0:
109,192,57500,1,0,0:0:0:0:
256,192,57500,1,0,0:0:0:0:
36,192,57750,1,0,0:0:0:0:
109,192,57750,1,0,0:0:0:0:
36,192,58000,1,0,0:0:0:0:
182,192,58000,1,0,0:0:0:0:
109,192,58000,1,0,0:0:0:0:
256,192,58000,1,0,0:0:0:0:
36,192,58250,1,0,0:0:0:0:
36,192,58500,1,0,0:0:0:0:
182,192,58500,1,0,0:0:0:0:
109,192,58500,1,0,0:0:0:0:
256,192,58500,1,0,0:0:0:0:
475,192,58500,1,0,0:0:0:0:
36,192,58750,1,0,0:0:0:0:
36,192,59000,1,0,0:0:0:0:
109,192,59000,1,0,0:0:0:0:
256,192,59000,1,0,0:0:0:0:
36,192,59250,1,0,0:0:0:0:
109,192,59250,1,0,0:0:0:0:
36,192,59500,1,0,0:0:0:0:
109,192,59500,1,0,0:0:0:0:
256,192,59500,1,0,0:0:0:0:
36,192,59750,1,0,0:0:0:0:
109,192,59750,1,0,0:0:0:0:
36,192,60000,1,0,0:0:0:0:
182,192,60000,1,0,0:0:0:0:
109,192,60000,1,0,0:0:0:0:
256,192,60000,1,0,0:0:0:0:
475,192,60000,1,0,0:0:0:0:
36,192,60250,1,0,0:0:0:0:
109,192,60250,1,0,0:0:0:0:
36,192,60500,1,0,0:0:0:0:
182,192,60500,1,0,0:0:0:0:
109,192,60500,1,0,0:0:0:0:
256,192,60500,1,0,0:0:0:0:
36,192,60750,1,0,0:0:0:0:
109,192,60750,1,0,0:0:0:0:
36,192,61000,1,0,0:0:0:0:
182,192,61000,1,0,0:0:0:0:
109,192,61000,1,0,0:0:0:0:
256,192,61000,1,0,0:0:0:0:
36,192,61250,1,0,0:0:0:0:
36,192,61500,1,0,0:0:0:0:
182,192,61500,1,0,0:0:0:0:
109,192,61500,1,0,0:0:0:0:
256,192,61500,1,0,0:0:0:0:
475,192,61500,1,0,0:0:0:0:
36,192,61750,1,0,0:0:0:0:
36,192,62000,1,0,0:0:0:0:
109,192,62000,1,0,0:0:0:0:
256,192,62000,1,0,0:0:0:0:
36,192,62250,1,0,0:0:0:0:
182,192,62250,1,0,0:0:0:0:
109,192,62250,1,0,0:0:0:0:
36,192,62500,1,0,0:0:0:0:
182,192,62500,1,0,0:0:0:0:
109,192,62500,1,0,0:0:0:0:
256,192,62500,1,0,0:0:0:0:
36,192,62750,1,0,0:0:0:0:
109,192,62750,1,0,0:0:0:0:
36,192,63000,1,0,0:0:0:0:
182,192,63000,1,0,0:0:0:0:
109,192,63000,1,0,0:0:0:0:
256,192,63000,1,0,0:0:0:0:
475,192,63000,1,0,0:0:0:0:
36,192,63250,1,0,0:0:0:0:
109,192,63250,1,0,0:0:0:0:
36,192,63500,1,0,0:0:0:0:
182,192,63500,1,0,0:0:0:0:
109,192,63500,1,0,0:0:0:0:
256,192,63500,1,0,0:0:0:0:
36,192,63750,1,0,0:0:0:0:
109,192,63750,1,0,0:0:0:0:
36,192,64000,1,0,0:0:0:0:
182,192,64000,1,0,0:0:0:0:
109,192,64000,1,0,0:0:0:0:
256,192,64000,1,0,0:0:0:0:
36,192,64250,1,0,0:0:0:0:
36,192,64500,1,0,0:0:0:0:
182,192,64500,1,0,0:0:0:0:
109,192,64500,1,0,0:0:0:0:
256,192,64500,1,0,0:0:0:0:
475,192,64500,1,0,0:0:0:0:
36,192,64750,1,0,0:0:0:0:
36,192,65000,1,0,0:0:0:0:
182,192,65000,1,0,0:0:0:0:
109,192,65000,1,0,0:0:0:0:
256,192,65000,1,0,0:0:0:0:
36,192,65250,1,0,0:0:0:0:
109,192,65250,1,0,0:0:0:0:
36,192,65500,1,0,0:0:0:0:
182,192,65500,1,0,0:0:0:0:
109,192,65500,1,0,0:0:0:0:
256,192,65500,1,0,0:0:0:0:
36,192,65750,1,0,0:0:0:0:
109,192,65750,1,0,0:0:0:0:
36,192,66000,1,0,0:0:0:0:
182,192,66000,1,0,0:0:0:0:
109,192,66000,1,0,0:0:0:0:
256,192,66000,1,0,0:0:0:0:
475,192,66000,1,0,0:0:0:0:
36,192,66250,1,0,0:0:0:0:
109,192,66250,1,0,0:0:0:0:
36,192,66500,1,0,0:0:0:0:
182,192,66500,1,0,0:0:0:0:
109,192,66500,1,0,0:0:0:0:
256,192,66500,1,0,0:0:0:0:
36,192,66750,1,0,0:0:0:0:
109,192,66750,1,0,0:0:0:0:
36,192,67000,1,0,0:0:0:0:
182,192,67000,1,0,0:0:0:0:
109,192,67000,1,0,0:0:0:0:
256,192,67000,1,0,0:0:0:0:
36,192,67250,1,0,0:0:0:0:
36,192,67500,1,0,0:0:0:0:
182,192,67500,1,0,0:0:0:0:
109,192,67500,1,0,0:0:0:0:
256,192,67500,1,0,0:0:0:0:
475,192,67500,1,0,0:0:0:0:
36,192,67750,1,0,0:0:0:0:
36,192,68000,1,0,0:0:0:0:
182,192,68000,1,0,0:0:0:0:
109,192,68000,1,0,0:0:0:0:
256,192,68000,1,0,0:0:0:0:
36,192,68250,1,0,0:0:0:0:
109,192,68250,1,0,0:0:0:0:
36,192,68500,1,0,0:0:0:0:
182,192,68500,1,0,0:0:0:0:
109,192,68500,1,0,0:0:0:0:
256,192,68500,1,0,0:0:0:0:
36,192,68750,1,0,0:0:0:0:
109,192,68750,1,0,0:0:0:0:
36,192,69000,1,0,0:0:0:0:
182,192,69000,1,0,0:0:0:0:
109,192,69000,1,0,0:0:0:0:
256,192,69000,1,0,0:0:0:0:
475,192,69000,1,0,0:0:0:0:
36,192,69250,1,0,0:0:0:0:
109,192,69250,1,0,0:0:0:0:
36,192,69500,1,0,0:0:0:0:
182,192,69500,1,0,0:0:0:0:
109,192,69500,1,0,0:0:0:0:
256,192,69500,1,0,0:0:0:0:
36,192,69750,1,0,0:0:0:0:
109,192,69750,1,0,0:0:0:0:
36,192,70000,1,0,0:0:0:0:
182,192,70000,1,0,0:0:0:0:
109,192,70000,1,0,0:0:0:0:
256,192,70000,1,0,0:0:0:0:
36,192,70250,1,0,0:0:0:0:
36,192,70500,1,0,0:0:0:0:
182,192,70500,1,0,0:0:0:0:
109,192,70500,1,0,0:0:0:0:
256,192,70500,1,0,0:0:0:0:
475,192,70500,1,0,0:0:0:0:
36,192,70750,1,0,0:0:0:0:
36,192,71000,1,0,0:0:0:0:
182,192,71000,1,0,0:0:0:0:
109,192,71000,1,0,0:0:0:0:
256,192,71000,1,0,0:0:0:0:
36,192,71250,1,0,0:0:0:0:
109,192,71250,1,0,0:0:0:0:
36,192,71500,1,0,0:0:0:0:
182,192,71500,1,0,0:0:0:0:
109,192,71500,1,0,0:0:0:0:
256,192,71500,1,0,0:0:0:0:
36,192,71750,1,0,0:0:0:0:
109,192,71750,1,0,0:0:0:0:
36,192,72000,1,0,0:0:0:0:
182,192,72000,1,0,0:0:0:0:
109,192,72000,1,0,0:0:0:0:
256,192,72000,1,0,0:0:0:0:
475,192,72000,1,0,0:0:0:0:
36,192,72250,1,0,0:0:0:0:
109,192,72250,1,0,0:0:0:0:
36,192,72500,1,0,0:0:0:0:
109,192,72500,1,0,0:0:0:0:
256,192,72500,1,0,0:0:0:0:
36,192,72750,1,0,0:0:0:0:
109,192,72750,1,0,0:0:0:0:
36,192,73000,1,0,0:0:0:0:
109,192,73000,1,0,0:0:0:0:
256,192,73000,1,0,0:0:0:0:
36,192,73250,1,0,0:0:0:0:
256,192,73500,1,0,0:0:0:0:
36,192,75000,1,0,0:0:0:0:
182,192,75000,1,0,0:0:0:0:
109,192,75000,1,0,0:0:0:0:
475,192,75000,1,0,0:0:0:0:
256,192,75000,1,0,0:0:0:0:
36,192,75250,1,0,0:0:0:0:
36,192,75500,1,0,0:0:0:0:
182,192,75500,1,0,0:0:0:0:
109,192,75500,1,0,0:0:0:0:
256,192,75500,1,0,0:0:0:0:
36,192,75750,1,0,0:0:0:0:
109,192,75750,1,0,0:0:0:0:
36,192,76000,1,0,0:0:0:0:
109,192,76000,1,0,0:0:0:0:
256,192,76000,1,0,0:0:0:0:
36,192,76250,1,0,0:0:0:0:
182,192,76250,1,0,0:0:0:0:
109,192,76250,1,0,0:0:0:0:
36,192,76500,1,0,0:0:0:0:
182,192,76500,1,0,0:0:0:0:
109,192,76500,1,0,0:0:0:0:
256,192,76500,1,0,0:0:0:0:
475,192,76500,1,0,0:0:0:0:
36,192,76750,1,0,0:0:0:0:
109,192,76750,1,0,0:0:0:0:
36,192,77000,1,0,0:0:0:0:
182,192,77000,1,0,0:0:0:0:
109,192,77000,1,0,0:0:0:0:
256,192,77000,1,0,0:0:0:0:
36,192,77250,1,0,0:0:0:0:
109,192,77250,1,0,0:0:0:0:
36,192,77500,1,0,0:0:0:0:
109,192,77500,1,0,0:0:0:0:
256,192,77500,1,0,0:0:0:0:
36,192,77750,1,0,0:0:0:0:
36,192,78000,1,0,0:0:0:0:
182,192,78000,1,0,0:0:0:0:
109,192,78000,1,0,0:0:0:0:
256,192,78000,1,0,0:0:0:0:
475,192,78000,1,0,0:0:0:0:
36,192,78250,1,0,0:0:0:0:
36,192,78500,1,0,0:0:0:0:
182,192,78500,1,0,0:0:0:0:
109,192,78500,1,0,0:0:0:0:
256,192,78500,1,0,0:0:0:0:
36,192,78750,1,0,0:0:0:0:
109,192,78750,1,0,0:0:0:0:
36,192,79000,1,0,0:0:0:0:
109,192,79000,1,0,0:0:0:0:
256,192,79000,1,0,0:0:0:0:
36,192,79250,1,0,0:0:0:0:
182,192,79250,1,0,0:0:0:0:
109,192,79250,1,0,0:0:0:0:
36,192,79500,1,0,0:0:0:0:
182,192,79500,1,0,0:0:0:0:
109,192,79500,1,0,0:0:0:0:
256,192,79500,1,0,0:0:0:0:
475,192,79500,1,0,0:0:0:0:
36,192,79750,1,0,0:0:0:0:
109,192,79750,1,0,0:0:0:0:
36,192,80000,1,0,0:0:0:0:
182,192,80000,1,0,0:0:0:0:
109,192,80000,1,0,0:0:0:0:
256,192,80000,1,0,0:0:0:0:
36,192,80250,1,0,0:0:0:0:
182,192,80250,1,0,0:0:0:0:
109,192,80250,1,0,0:0:0:0:
36,192,80500,1,0,0:0:0:0:
182,192,80500,1,0,0:0:0:0:
109,192,80500,1,0,0:0:0:0:
256,192,80500,1,0,0:0:0:0:
36,192,80750,1,0,0:0:0:0:
182,192,80750,1,0,0:0:0:0:
36,192,81000,1,0,0:0:0:0:
182,192,81000,1,0,0:0:0:0:
109,192,81000,1,0,0:0:0:0:
256,192,81000,1,0,0:0:0:0:
475,192,81000,1,0,0:0:0:0:
36,192,81250,1,0,0:0:0:0:
36,192,81500,1,0,0:0:0:0:
182,192,81500,1,0,0:0:0:0:
109,192,81500,1,0,0:0:0:0:
256,192,81500,1,0,0:0:0:0:
36,192,81750,1,0,0:0:0:0:
109,192,81750,1,0,0:0:0:0:
36,192,82000,1,0,0:0:0:0:
109,192,82000,1,0,0:0:0:0:
256,192,82000,1,0,0:0:0:0:
36,192,82250,1,0,0:0:0:0:
182,192,82250,1,0,0:0:0:0:
109,192,82250,1,0,0:0:0:0:
36,192,82500,1,0,0:0:0:0:
182,192,82500,1,0,0:0:0:0:
109,192,82500,1,0,0:0:0:0:
256,192,82500,1,0,0:0:0:0:
475,192,82500,1,0,0:0:0:0:
36,192,82750,1,0,0:0:0:0:
109,192,82750,1,0,0:0:0:0:
36,192,83000,1,0,0:0:0:0:
182,192,83000,1,0,0:0:0:0:
109,192,83000,1,0,0:0:0:0:
256,192,83000,1,0,0:0:0:0:
36,192,83250,1,0,0:0:0:0:
109,192,83250,1,0,0:0:0:0:
36,192,83500,1,0,0:0:0:0:
109,192,83500,1,0,0:0:0:0:
256,192,83500,1,0,0:0:0:0:
36,192,83750,1,0,0:0:0:0:
36,192,84000,1,0,0:0:0:0:
182,192,84000,1,0,0:0:0:0:
109,192,84000,1,0,0:0:0:0:
256,192,84000,1,0,0:0:0:0:
475,192,84000,1,0,0:0:0:0:
36,192,84250,1,0,0:0:0:0:
36,192,84500,1,0,0:0:0:0:
182,192,84500,1,0,0:0:0:0:
109,192,84500,1,0,0:0:0:0:
256,192,84500,1,0,0:0:0:0:
36,192,84750,1,0,0:0:0:0:
109,192,84750,1,0,0:0:0:0:
36,192,85000,1,0,0:0:0:0:
182,192,85000,1,0,0:0:0:0:
109,192,85000,1,0,0:0:0:0:
256,192,85000,1,0,0:0:0:0:
36,192,85250,1,0,0:0:0:0:
109,192,85250,1,0,0:0:0:0:
36,192,85500,1,0,0:0:0:0:
182,192,85500,1,0,0:0:0:0:
109,192,85500,1,0,0:0:0:0:
256,192,85500,1,0,0:0:0:0:
475,192,85500,1,0,0:0:0:0:
36,192,85750,1,0,0:0:0:0:
182,192,85750,1,0,0:0:0:0:
109,192,85750,1,0,0:0:0:0:
36,192,86000,1,0,0:0:0:0:
182,192,86000,1,0,0:0:0:0:
109,192,86000,1,0,0:0:0:0:
256,192,86000,1,0,0:0:0:0:
36,192,86250,1,0,0:0:0:0:
182,192,86250,1,0,0:0:0:0:
109,192,86250,1,0,0:0:0:0:
36,192,86500,1,0,0:0:0:0:
182,192,86500,1,0,0:0:0:0:
109,192,86500,1,0,0:0:0:0:
256,192,86500,1,0,0:0:0:0:
36,192,86750,1,0,0:0:0:0:
182,192,86750,1,0,0:0:0:0:
36,192,87000,1,0,0:0:0:0:
182,192,87000,1,0,0:0:0:0:
109,192,87000,1,0,0:0:0:0:
256,192,87000,1,0,0:0:0:0:
475,192,87000,1,0,0:0:0:0:
36,192,87250,1,0,0:0:0:0:
36,192,87500,1,0,0:0:0:0:
182,192,87500,1,0,0:0:0:0:
109,192,87500,1,0,0:0:0:0:
256,192,87500,1,0,0:0:0:0:
36,192,87750,1,0,0:0:0:0:
109,192,87750,1,0,0:0:0:0:
36,192,88000,1,0,0:0:0:0:
109,192,88000,1,0,0:0:0:0:
256,192,88000,1,0,0:0:0:0:
36,192,88250,1,0,0:0:0:0:
182,192,88250,1,0,0:0:0:0:
109,192,88250,1,0,0:0:0:0:
36,192,88500,1,0,0:0:0:0:
182,192,88500,1,0,0:0:0:0:
109,192,88500,1,0,0:0:0:0:
256,192,88500,1,0,0:0:0:0:
475,192,88500,1,0,0:0:0:0:
36,192,88750,1,0,0:0:0:0:
109,192,88750,1,0,0:0:0:0:
36,192,89000,1,0,0:0:0:0:
182,192,89000,1,0,0:0:0:0:
109,192,89000,1,0,0:0:0:0:
256,192,89000,1,0,0:0:0:0:
36,192,89250,1,0,0:0:0:0:
109,192,89250,1,0,0:0:0:0:
36,192,89500,1,0,0:0:0:0:
109,192,89500,1,0,0:0:0:0:
256,192,89500,1,0,0:0:0:0:
36,192,89750,1,0,0:0:0:0:
36,192,90000,1,0,0:0:0:0:
182,192,90000,1,0,0:0:0:0:
109,192,90000,1,0,0:0:0:0:
256,192,90000,1,0,0:0:0:0:
475,192,90000,1,0,0:0:0:0:
36,192,90250,1,0,0:0:0:0:
36,192,90500,1,0,0:0:0:0:
182,192,90500,1,0,0:0:0:0:
109,192,90500,1,0,0:0:0:0:
256,192,90500,1,0,0:0:0:0:
36,192,90750,1,0,0:0:0:0:
109,192,90750,1,0,0:0:0:0:
36,192,91000,1,0,0:0:0:0:
109,192,91000,1,0,0:0:0:0:
256,192,91000,1,0,0:0:0:0:
36,192,91250,1,0,0:0:0:0:
182,192,91250,1,0,0:0:0:0:
109,192,91250,1,0,0:0:0:0:
36,192,91500,1,0,0:0:0:0:
182,192,91500,1,0,0:0:0:0:
109,192,91500,1,0,0:0:0:0:
256,192,91500,1,0,0:0:0:0:
475,192,91500,1,0,0:0:0:0:
36,192,91750,1,0,0:0:0:0:
109,192,91750,1,0,0:0:0:0:
36,192,92000,1,0,0:0:0:0:
182,192,92000,1,0,0:0:0:0:
109,192,92000,1,0,0:0:0:0:
256,192,92000,1,0,0:0:0:0:
36,192,92250,1,0,0:0:0:0:
182,192,92250,1,0,0:0:0:0:
109,192,92250,1,0,0:0:0:0:
36,192,92500,1,0,0:0:0:0:
182,192,92500,1,0,0:0:0:0:
109,192,92500,1,0,0:0:0:0:
256,192,92500,1,0,0:0:0:0:
36,192,92750,1,0,0:0:0:0:
182,192,92750,1,0,0:0:0:0:
36,192,93000,1,0,0:0:0:0:
182,192,93000,1,0,0:0:0:0:
109,192,93000,1,0,0:0:0:0:
256,192,93000,1,0,0:0:0:0:
475,192,93000,1,0,0:0:0:0:
36,192,93250,1,0,0:0:0:0:
36,192,93500,1,0,0:0:0:0:
182,192,93500,1,0,0:0:0:0:
109,192,93500,1,0,0:0:0:0:
256,192,93500,1,0,0:0:0:0:
36,192,93750,1,0,0:0:0:0:
109,192,93750,1,0,0:0:0:0:
36,192,94000,1,0,0:0:0:0:
109,192,94000,1,0,0:0:0:0:
256,192,94000,1,0,0:0:0:0:
36,192,94250,1,0,0:0:0:0:
182,192,94250,1,0,0:0:0:0:
109,192,94250,1,0,0:0:0:0:
36,192,94500,1,0,0:0:0:0:
182,192,94500,1,0,0:0:0:0:
109,192,94500,1,0,0:0:0:0:
256,192,94500,1,0,0:0:0:0:
475,192,94500,1,0,0:0:0:0:
36,192,94750,1,0,0:0:0:0:
109,192,94750,1,0,0:0:0:0:
36,192,95000,1,0,0:0:0:0:
182,192,95000,1,0,0:0:0:0:
109,192,95000,1,0,0:0:0:0:
256,192,95000,1,0,0:0:0:0:
36,192,95250,1,0,0:0:0:0:
109,192,95250,1,0,0:0:0:0:
36,192,95500,1,0,0:0:0:0:
109,192,95500,1,0,0:0:0:0:
256,192,95500,1,0,0:0:0:0:
36,192,95750,1,0,0:0:0:0:
36,192,96000,1,0,0:0:0:0:
182,192,96000,1,0,0:0:0:0:
109,192,96000,1,0,0:0:0:0:
256,192,96000,1,0,0:0:0:0:
475,192,96000,1,0,0:0:0:0:
36,192,96250,1,0,0:0:0:0:
36,192,96500,1,0,0:0:0:0:
182,192,96500,1,0,0:0:0:0:
109,192,96500,1,0,0:0:0:0:
256,192,96500,1,0,0:0:0:0:
36,192,96750,1,0,0:0:0:0:
109,192,96750,1,0,0:0:0:0:
36,192,97000,1,0,0:0:0:0:
182,192,97000,1,0,0:0:0:0:
109,192,97000,1,0,0:0:0:0:
256,192,97000,1,0,0:0:0:0:
36,192,97250,1,0,0:0:0:0:
109,192,97250,1,0,0:0:0:0:
36,192,97500,1,0,0:0:0:0:
182,192,97500,1,0,0:0:0:0:
109,192,97500,1,0,0:0:0:0:
256,192,97500,1,0,0:0:0:0:
182,192,97750,1,0,0:0:0:0:
36,192,97750,1,0,0:0:0:0:
109,192,97750,1,0,0:0:0:0:
36,192,98000,1,0,0:0:0:0:
182,192,98000,1,0,0:0:0:0:
109,192,98000,1,0,0:0:0:0:
475,192,98000,1,0,0:0:0:0:
329,192,98000,1,0,0:0:0:0:
36,192,98250,1,0,0:0:0:0:
36,192,98500,1,0,0:0:0:0:
36,192,98750,1,0,0:0:0:0: