256,192,0,5,0,0:0:0:0:
256,192,333,1,0,0:0:0:0:
256,192,666,1,0,0:0:0:0:
256,192,999,1,0,0:0:0:0:
36,192,1000,1,0,0:0:0:0:
36,192,1166,1,0,0:0:0:0:
109,192,1166,1,0,0:0:0:0:
256,192,1166,1,0,0:0:0:0:
36,192,1333,1,0,0:0:0:0:
109,192,1333,1,0,0:0:0:0:
256,192,1333,1,0,0:0:0:0:
329,192,1333,1,0,0:0:0:0:
402,192,1333,1,0,0:0:0:0:
475,192,1333,1,0,0:0:0:0:
109,192,1499,1,0,0:0:0:0:
109,192,1666,1,0,0:0:0:0:
109,192,1833,1,0,0:0:0:0:
36,192,1999,1,0,0:0:0:0:
109,192,1999,1,0,0:0:0:0:
256,192,1999,1,0,0:0:0:0:
329,192,1999,1,0,0:0:0:0:
402,192,1999,1,0,0:0:0:0:
475,192,1999,1,0,0:0:0:0:
109,192,2166,1,0,0:0:0:0:
36,192,2333,1,0,0:0:0:0:
109,192,2333,1,0,0:0:0:0:
256,192,2333,1,0,0:0:0:0:
329,192,2333,1,0,0:0:0:0:
36,192,2499,1,0,0:0:0:0:
109,192,2499,1,0,0:0:0:0:
256,192,2499,1,0,0:0:0:0:
329,192,2499,1,0,0:0:0:0:
402,192,2499,1,0,0:0:0:0:
36,192,2666,1,0,0:0:0:0:
109,192,2666,1,0,0:0:0:0:
256,192,2666,1,0,0:0:0:0:
329,192,2666,1,0,0:0:0:0:
475,192,2666,1,0,0:0:0:0:
402,192,2666,1,0,0:0:0:0:
109,192,2833,1,0,0:0:0:0:
109,192,2999,1,0,0:0:0:0:
36,192,3166,1,0,0:0:0:0:
109,192,3166,1,0,0:0:0:0:
256,192,3166,1,0,0:0:0:0:
329,192,3166,1,0,0:0:0:0:
402,192,3166,1,0,0:0:0:0:
475,192,3166,1,0,0:0:0:0:
36,192,3333,1,0,0:0:0:0:
109,192,3333,1,0,0:0:0:0:
36,192,3499,1,0,0:0:0:0:
109,192,3499,1,0,0:0:0:0:
256,192,3499,1,0,0:0:0:0:
475,192,3499,1,0,0:0:0:0:
402,192,3499,1,0,0:0:0:0:
329,192,3499,1,0,0:0:0:0:
36,192,3666,1,0,0:0:0:0:
109,192,3666,1,0,0:0:0:0:
256,192,3666,1,0,0:0:0:0:
402,192,3666,1,0,0:0:0:0:
329,192,3666,1,0,0:0:0:0:
36,192,3833,1,0,0:0:0:0:
109,192,3833,1,0,0:0:0:0:
256,192,3833,1,0,0:0:0:0:
329,192,3833,1,0,0:0:0:0:
36,192,3999,1,0,0:0:0:0:
109,192,3999,1,0,0:0:0:0:
256,192,3999,1,0,0:0:0:0:
329,192,3999,1,0,0:0:0:0:
109,192,4166,1,0,0:0:0:0:
36,192,4333,1,0,0:0:0:0:
109,192,4333,1,0,0:0:0:0:
256,192,4333,1,0,0:0:0:0:
329,192,4333,1,0,0:0:0:0:
402,192,4333,1,0,0:0:0:0:
475,192,4333,1,0,0:0:0:0:
36,192,4666,1,0,0:0:0:0:
109,192,4666,1,0,0:0:0:0:
256,192,4666,1,0,0:0:0:0:
329,192,4666,1,0,0:0:0:0:
36,192,4999,1,0,0:0:0:0:
109,192,4999,1,0,0:0:0:0:
256,192,4999,1,0,0:0:0:0:
329,192,4999,1,0,0:0:0:0:
36,192,5166,1,0,0:0:0:0:
109,192,5166,1,0,0:0:0:0:
256,192,5166,1,0,0:0:0:0:
402,192,5166,1,0,0:0:0:0:
329,192,5166,1,0,0:0:0:0:
36,192,5333,1,0,0:0:0:0:
109,192,5333,1,0,0:0:0:0:
256,192,5333,1,0,0:0:0:0:
329,192,5333,1,0,0:0:0:0:
36,192,5666,1,0,0:0:0:0:
109,192,5666,1,0,0:0:0:0:
256,192,5666,1,0,0:0:0:0:
329,192,5666,1,0,0:0:0:0:
402,192,5666,1,0,0:0:0:0:
475,192,5666,1,0,0:0:0:0:
36,192,5999,1,0,0:0:0:0:
109,192,5999,1,0,0:0:0:0:
256,192,5999,1,0,0:0:0:0:
329,192,5999,1,0,0:0:0:0:
402,192,5999,1,0,0:0:0:0:
475,192,5999,1,0,0:0:0:0:
109,192,6333,1,0,0:0:0:0:
109,192,6416,1,0,0:0:0:0:
109,192,6499,1,0,0:0:0:0:
109,192,6583,1,0,0:0:0:0:
36,192,6666,1,0,0:0:0:0:
109,192,6666,1,0,0:0:0:0:
256,192,6666,1,0,0:0:0:0:
329,192,6666,1,0,0:0:0:0:
402,192,6666,1,0,0:0:0:0:
36,192,6833,1,0,0:0:0:0:
109,192,6833,1,0,0:0:0:0:
256,192,6833,1,0,0:0:0:0:
329,192,6833,1,0,0:0:0:0:
36,192,6999,1,0,0:0:0:0:
109,192,6999,1,0,0:0:0:0:
256,192,6999,1,0,0:0:0:0:
329,192,6999,1,0,0:0:0:0:
402,192,6999,1,0,0:0:0:0:
36,192,7166,1,0,0:0:0:0:
109,192,7166,1,0,0:0:0:0:
256,192,7166,1,0,0:0:0:0:
329,192,7166,1,0,0:0:0:0:
36,192,7333,1,0,0:0:0:0:
109,192,7333,1,0,0:0:0:0:
36,192,7499,1,0,0:0:0:0:
109,192,7499,1,0,0:0:0:0:
256,192,7499,1,0,0:0:0:0:
329,192,7499,1,0,0:0:0:0:
402,192,7499,1,0,0:0:0:0:
36,192,7666,1,0,0:0:0:0:
109,192,7666,1,0,0:0:0:0:
36,192,7833,1,0,0:0:0:0:
109,192,7833,1,0,0:0:0:0:
256,192,7833,1,0,0:0:0:0:
329,192,7833,1,0,0:0:0:0:
402,192,7833,1,0,0:0:0:0:
36,192,7999,1,0,0:0:0:0:
109,192,7999,1,0,0:0:0:0:
36,192,8166,1,0,0:0:0:0:
109,192,8166,1,0,0:0:0:0:
256,192,8166,1,0,0:0:0:0:
329,192,8166,1,0,0:0:0:0:
402,192,8166,1,0,0:0:0:0:
36,192,8333,1,0,0:0:0:0:
109,192,8333,1,0,0:0:0:0:
256,192,8333,1,0,0:0:0:0:
329,192,8333,1,0,0:0:0:0:
36,192,8499,1,0,0:0:0:0:
109,192,8499,1,0,0:0:0:0:
256,192,8499,1,0,0:0:0:0:
329,192,8499,1,0,0:0:0:0:
402,192,8499,1,0,0:0:0:0:
36,192,8666,1,0,0:0:0:0:
109,192,8666,1,0,0:0:0:0:
36,192,8833,1,0,0:0:0:0:
109,192,8833,1,0,0:0:0:0:
256,192,8833,1,0,0:0:0:0:
329,192,8833,1,0,0:0:0:0:
36,192,8999,1,0,0:0:0:0:
109,192,8999,1,0,0:0:0:0:
36,192,9166,1,0,0:0:0:0:
109,192,9166,1,0,0:0:0:0:
36,192,9333,1,0,0:0:0:0:
109,192,9333,1,0,0:0:0:0:
256,192,9333,1,0,0:0:0:0:
329,192,9333,1,0,0:0:0:0:
36,192,9499,1,0,0:0:0:0:
109,192,9499,1,0,0:0:0:0:
256,192,9499,1,0,0:0:0:0:
329,192,9499,1,0,0:0:0:0:
402,192,9499,1,0,0:0:0:0:
36,192,9666,1,0,0:0:0:0:
109,192,9666,1,0,0:0:0:0:
256,192,9666,1,0,0:0:0:0:
329,192,9666,1,0,0:0:0:0:
402,192,9666,1,0,0:0:0:0:
36,192,9833,1,0,0:0:0:0:
109,192,9833,1,0,0:0:0:0:
256,192,9833,1,0,0:0:0:0:
329,192,9833,1,0,0:0:0:0:
36,192,9999,1,0,0:0:0:0:
109,192,9999,1,0,0:0:0:0:
36,192,10166,1,0,0:0:0:0:
109,192,10166,1,0,0:0:0:0:
256,192,10166,1,0,0:0:0:0:
329,192,10166,1,0,0:0:0:0:
36,192,10333,1,0,0:0:0:0:
109,192,10333,1,0,0:0:0:0:
256,192,10333,1,0,0:0:0:0:
329,192,10333,1,0,0:0:0:0:
402,192,10333,1,0,0:0:0:0:
36,192,10499,1,0,0:0:0:0:
109,192,10499,1,0,0:0:0:0:
182,192,10499,1,0,0:0:0:0:
256,192,10499,1,0,0:0:0:0:
329,192,10499,1,0,0:0:0:0:
402,192,10499,1,0,0:0:0:0:
36,192,10666,1,0,0:0:0:0:
109,192,10666,1,0,0:0:0:0:
36,192,10833,1,0,0:0:0:0:
109,192,10833,1,0,0:0:0:0:
182,192,10833,1,0,0:0:0:0:
256,192,10833,1,0,0:0:0:0:
329,192,10833,1,0,0:0:0:0:
402,192,10833,1,0,0:0:0:0:
475,192,10833,1,0,0:0:0:0:
36,192,10999,1,0,0:0:0:0:
109,192,10999,1,0,0:0:0:0:
182,192,10999,1,0,0:0:0:0:
256,192,10999,1,0,0:0:0:0:
402,192,10999,1,0,0:0:0:0:
329,192,10999,1,0,0:0:0:0:
36,192,11166,1,0,0:0:0:0:
109,192,11166,1,0,0:0:0:0:
182,192,11166,1,0,0:0:0:0:
256,192,11166,1,0,0:0:0:0:
329,192,11166,1,0,0:0:0:0:
36,192,11333,1,0,0:0:0:0:
109,192,11333,1,0,0:0:0:0:
36,192,11499,1,0,0:0:0:0:
109,192,11499,1,0,0:0:0:0:
182,192,11499,1,0,0:0:0:0:
256,192,11499,1,0,0:0:0:0:
329,192,11499,1,0,0:0:0:0:
36,192,11666,1,0,0:0:0:0:
109,192,11666,1,0,0:0:0:0:
182,192,11666,1,0,0:0:0:0:
36,192,11833,1,0,0:0:0:0:
109,192,11833,1,0,0:0:0:0:
36,192,11999,1,0,0:0:0:0:
109,192,11999,1,0,0:0:0:0:
256,192,11999,1,0,0:0:0:0:
329,192,11999,1,0,0:0:0:0:
402,192,11999,1,0,0:0:0:0:
475,192,11999,1,0,0:0:0:0:
36,192,12166,1,0,0:0:0:0:
109,192,12166,1,0,0:0:0:0:
256,192,12166,1,0,0:0:0:0:
329,192,12166,1,0,0:0:0:0:
36,192,12333,1,0,0:0:0:0:
109,192,12333,1,0,0:0:0:0:
256,192,12333,1,0,0:0:0:0:
329,192,12333,1,0,0:0:0:0:
402,192,12333,1,0,0:0:0:0:
36,192,12499,1,0,0:0:0:0:
109,192,12499,1,0,0:0:0:0:
256,192,12499,1,0,0:0:0:0:
329,192,12499,1,0,0:0:0:0:
36,192,12666,1,0,0:0:0:0:
109,192,12666,1,0,0:0:0:0:
36,192,12833,1,0,0:0:0:0:
109,192,12833,1,0,0:0:0:0:
256,192,12833,1,0,0:0:0:0:
329,192,12833,1,0,0:0:0:0:
402,192,12833,1,0,0:0:0:0:
36,192,12999,1,0,0:0:0:0:
109,192,12999,1,0,0:0:0:0:
36,192,13166,1,0,0:0:0:0:
109,192,13166,1,0,0:0:0:0:
256,192,13166,1,0,0:0:0:0:
329,192,13166,1,0,0:0:0:0:
402,192,13166,1,0,0:0:0:0:
475,192,13166,1,0,0:0:0:0:
36,192,13333,1,0,0:0:0:0:
109,192,13333,1,0,0:0:0:0:
36,192,13499,1,0,0:0:0:0:
109,192,13499,1,0,0:0:0:0:
256,192,13499,1,0,0:0:0:0:
329,192,13499,1,0,0:0:0:0:
402,192,13499,1,0,0:0:0:0:
36,192,13666,1,0,0:0:0:0:
109,192,13666,1,0,0:0:0:0:
256,192,13666,1,0,0:0:0:0:
329,192,13666,1,0,0:0:0:0:
402,192,13666,1,0,0:0:0:0:
475,192,13666,1,0,0:0:0:0:
36,192,13833,1,0,0:0:0:0:
109,192,13833,1,0,0:0:0:0:
256,192,13833,1,0,0:0:0:0:
329,192,13833,1,0,0:0:0:0:
402,192,13833,1,0,0:0:0:0:
475,192,13833,1,0,0:0:0:0:
36,192,13999,1,0,0:0:0:0:
109,192,13999,1,0,0:0:0:0:
36,192,14166,1,0,0:0:0:0:
109,192,14166,1,0,0:0:0:0:
256,192,14166,1,0,0:0:0:0:
329,192,14166,1,0,0:0:0:0:
402,192,14166,1,0,0:0:0:0:
36,192,14333,1,0,0:0:0:0:
109,192,14333,1,0,0:0:0:0:
256,192,14333,1,0,0:0:0:0:
329,192,14333,1,0,0:0:0:0:
36,192,14499,1,0,0:0:0:0:
109,192,14499,1,0,0:0:0:0:
256,192,14499,1,0,0:0:0:0:
329,192,14499,1,0,0:0:0:0:
36,192,14666,1,0,0:0:0:0:
109,192,14666,1,0,0:0:0:0:
256,192,14666,1,0,0:0:0:0:
329,192,14666,1,0,0:0:0:0:
402,192,14666,1,0,0:0:0:0:
475,192,14666,1,0,0:0:0:0:
36,192,14833,1,0,0:0:0:0:
109,192,14833,1,0,0:0:0:0:
256,192,14833,1,0,0:0:0:0:
329,192,14833,1,0,0:0:0:0:
36,192,14999,1,0,0:0:0:0:
109,192,14999,1,0,0:0:0:0:
256,192,14999,1,0,0:0:0:0:
329,192,14999,1,0,0:0:0:0:
36,192,15166,1,0,0:0:0:0:
109,192,15166,1,0,0:0:0:0:
256,192,15166,1,0,0:0:0:0:
329,192,15166,1,0,0:0:0:0:
36,192,15333,1,0,0:0:0:0:
109,192,15333,1,0,0:0:0:0:
36,192,15499,1,0,0:0:0:0:
109,192,15499,1,0,0:0:0:0:
256,192,15499,1,0,0:0:0:0:
329,192,15499,1,0,0:0:0:0:
36,192,15666,1,0,0:0:0:0:
109,192,15666,1,0,0:0:0:0:
256,192,15666,1,0,0:0:0:0:
329,192,15666,1,0,0:0:0:0:
402,192,15666,1,0,0:0:0:0:
36,192,15833,1,0,0:0:0:0:
109,192,15833,1,0,0:0:0:0:
36,192,15999,1,0,0:0:0:0:
109,192,15999,1,0,0:0:0:0:
182,192,15999,1,0,0:0:0:0:
256,192,15999,1,0,0:0:0:0:
329,192,15999,1,0,0:0:0:0:
402,192,15999,1,0,0:0:0:0:
36,192,16166,1,0,0:0:0:0:
109,192,16166,1,0,0:0:0:0:
36,192,16333,1,0,0:0:0:0:
109,192,16333,1,0,0:0:0:0:
182,192,16333,1,0,0:0:0:0:
256,192,16333,1,0,0:0:0:0:
329,192,16333,1,0,0:0:0:0:
402,192,16333,1,0,0:0:0:0:
36,192,16499,1,0,0:0:0:0:
109,192,16499,1,0,0:0:0:0:
36,192,16666,1,0,0:0:0:0:
109,192,16666,1,0,0:0:0:0:
182,192,16666,1,0,0:0:0:0:
256,192,16666,1,0,0:0:0:0:
329,192,16666,1,0,0:0:0:0:
402,192,16666,1,0,0:0:0:0:
36,192,16833,1,0,0:0:0:0:
109,192,16833,1,0,0:0:0:0:
36,192,16999,1,0,0:0:0:0:
109,192,16999,1,0,0:0:0:0:
36,192,17166,1,0,0:0:0:0:
109,192,17166,1,0,0:0:0:0:
36,192,17333,1,0,0:0:0:0:
109,192,17333,1,0,0:0:0:0:
256,192,17333,1,0,0:0:0:0:
329,192,17333,1,0,0:0:0:0:
402,192,17333,1,0,0:0:0:0:
36,192,17499,1,0,0:0:0:0:
109,192,17499,1,0,0:0:0:0:
256,192,17499,1,0,0:0:0:0:
329,192,17499,1,0,0:0:0:0:
36,192,17666,1,0,0:0:0:0:
109,192,17666,1,0,0:0:0:0:
256,192,17666,1,0,0:0:0:0:
329,192,17666,1,0,0:0:0:0:
36,192,17833,1,0,0:0:0:0:
109,192,17833,1,0,0:0:0:0:
256,192,17833,1,0,0:0:0:0:
329,192,17833,1,0,0:0:0:0:
36,192,17999,1,0,0:0:0:0:
109,192,17999,1,0,0:0:0:0:
36,192,18166,1,0,0:0:0:0:
109,192,18166,1,0,0:0:0:0:
256,192,18166,1,0,0:0:0:0:
329,192,18166,1,0,0:0:0:0:
402,192,18166,1,0,0:0:0:0:
36,192,18333,1,0,0:0:0:0:
109,192,18333,1,0,0:0:0:0:
256,192,18333,1,0,0:0:0:0:
329,192,18333,1,0,0:0:0:0:
36,192,18499,1,0,0:0:0:0:
109,192,18499,1,0,0:0:0:0:
256,192,18499,1,0,0:0:0:0:
329,192,18499,1,0,0:0:0:0:
36,192,18666,1,0,0:0:0:0:
109,192,18666,1,0,0:0:0:0:
256,192,18666,1,0,0:0:0:0:
329,192,18666,1,0,0:0:0:0:
402,192,18666,1,0,0:0:0:0:
36,192,18833,1,0,0:0:0:0:
109,192,18833,1,0,0:0:0:0:
256,192,18833,1,0,0:0:0:0:
329,192,18833,1,0,0:0:0:0:
36,192,18999,1,0,0:0:0:0:
109,192,18999,1,0,0:0:0:0:
256,192,18999,1,0,0:0:0:0:
329,192,18999,1,0,0:0:0:0:
36,192,19166,1,0,0:0:0:0:
109,192,19166,1,0,0:0:0:0:
256,192,19166,1,0,0:0:0:0:
329,192,19166,1,0,0:0:0:0:
36,192,19333,1,0,0:0:0:0:
109,192,19333,1,0,0:0:0:0:
36,192,19499,1,0,0:0:0:0:
109,192,19499,1,0,0:0:0:0:
256,192,19499,1,0,0:0:0:0:
329,192,19499,1,0,0:0:0:0:
402,192,19499,1,0,0:0:0:0:
36,192,19666,1,0,0:0:0:0:
109,192,19666,1,0,0:0:0:0:
256,192,19666,1,0,0:0:0:0:
329,192,19666,1,0,0:0:0:0:
36,192,19833,1,0,0:0:0:0:
109,192,19833,1,0,0:0:0:0:
256,192,19833,1,0,0:0:0:0:
329,192,19833,1,0,0:0:0:0:
36,192,19999,1,0,0:0:0:0:
109,192,19999,1,0,0:0:0:0:
256,192,19999,1,0,0:0:0:0:
329,192,19999,1,0,0:0:0:0:
402,192,19999,1,0,0:0:0:0:
36,192,20166,1,0,0:0:0:0:
109,192,20166,1,0,0:0:0:0:
256,192,20166,1,0,0:0:0:0:
329,192,20166,1,0,0:0:0:0:
36,192,20333,1,0,0:0:0:0:
109,192,20333,1,0,0:0:0:0:
256,192,20333,1,0,0:0:0:0:
36,192,20499,1,0,0:0:0:0:
109,192,20499,1,0,0:0:0:0:
256,192,20499,1,0,0:0:0:0:
329,192,20499,1,0,0:0:0:0:
36,192,20666,1,0,0:0:0:0:
109,192,20666,1,0,0:0:0:0:
36,192,20833,1,0,0:0:0:0:
109,192,20833,1,0,0:0:0:0:
256,192,20833,1,0,0:0:0:0:
329,192,20833,1,0,0:0:0:0:
402,192,20833,1,0,0:0:0:0:
36,192,20999,1,0,0:0:0:0:
109,192,20999,1,0,0:0:0:0:
256,192,20999,1,0,0:0:0:0:
329,192,20999,1,0,0:0:0:0:
36,192,21166,1,0,0:0:0:0:
109,192,21166,1,0,0:0:0:0:
182,192,21166,1,0,0:0:0:0:
256,192,21166,1,0,0:0:0:0:
329,192,21166,1,0,0:0:0:0:
36,192,21333,1,0,0:0:0:0:
109,192,21333,1,0,0:0:0:0:
36,192,21499,1,0,0:0:0:0:
109,192,21499,1,0,0:0:0:0:
182,192,21499,1,0,0:0:0:0:
256,192,21499,1,0,0:0:0:0:
329,192,21499,1,0,0:0:0:0:
402,192,21499,1,0,0:0:0:0:
36,192,21666,1,0,0:0:0:0:
109,192,21666,1,0,0:0:0:0:
182,192,21666,1,0,0:0:0:0:
256,192,21666,1,0,0:0:0:0:
329,192,21666,1,0,0:0:0:0:
36,192,21833,1,0,0:0:0:0:
109,192,21833,1,0,0:0:0:0:
182,192,21833,1,0,0:0:0:0:
256,192,21833,1,0,0:0:0:0:
329,192,21833,1,0,0:0:0:0:
36,192,21999,1,0,0:0:0:0:
109,192,21999,1,0,0:0:0:0:
36,192,22166,1,0,0:0:0:0:
109,192,22166,1,0,0:0:0:0:
182,192,22166,1,0,0:0:0:0:
256,192,22166,1,0,0:0:0:0:
329,192,22166,1,0,0:0:0:0:
36,192,22333,1,0,0:0:0:0:
109,192,22333,1,0,0:0:0:0:
182,192,22333,1,0,0:0:0:0:
256,192,22333,1,0,0:0:0:0:
329,192,22333,1,0,0:0:0:0:
36,192,22499,1,0,0:0:0:0:
109,192,22499,1,0,0:0:0:0:
36,192,22666,1,0,0:0:0:0:
109,192,22666,1,0,0:0:0:0:
256,192,22666,1,0,0:0:0:0:
329,192,22666,1,0,0:0:0:0:
402,192,22666,1,0,0:0:0:0:
475,192,22666,1,0,0:0:0:0:
36,192,22833,1,0,0:0:0:0:
109,192,22833,1,0,0:0:0:0:
36,192,22999,1,0,0:0:0:0:
109,192,22999,1,0,0:0:0:0:
256,192,22999,1,0,0:0:0:0:
329,192,22999,1,0,0:0:0:0:
402,192,22999,1,0,0:0:0:0:
475,192,22999,1,0,0:0:0:0:
36,192,23166,1,0,0:0:0:0:
109,192,23166,1,0,0:0:0:0:
36,192,23333,1,0,0:0:0:0:
109,192,23333,1,0,0:0:0:0:
256,192,23333,1,0,0:0:0:0:
329,192,23333,1,0,0:0:0:0:
36,192,23499,1,0,0:0:0:0:
109,192,23499,1,0,0:0:0:0:
256,192,23499,1,0,0:0:0:0:
329,192,23499,1,0,0:0:0:0:
36,192,23666,1,0,0:0:0:0:
109,192,23666,1,0,0:0:0:0:
256,192,23666,1,0,0:0:0:0:
329,192,23666,1,0,0:0:0:0:
36,192,23833,1,0,0:0:0:0:
109,192,23833,1,0,0:0:0:0:
256,192,23833,1,0,0:0:0:0:
329,192,23833,1,0,0:0:0:0:
36,192,23999,1,0,0:0:0:0:
109,192,23999,1,0,0:0:0:0:
256,192,23999,1,0,0:0:0:0:
329,192,23999,1,0,0:0:0:0:
402,192,23999,1,0,0:0:0:0:
475,192,23999,1,0,0:0:0:0:
36,192,24166,1,0,0:0:0:0:
109,192,24166,1,0,0:0:0:0:
36,192,24333,1,0,0:0:0:0:
109,192,24333,1,0,0:0:0:0:
256,192,24333,1,0,0:0:0:0:
329,192,24333,1,0,0:0:0:0:
402,192,24333,1,0,0:0:0:0:
475,192,24333,1,0,0:0:0:0:
36,192,24499,1,0,0:0:0:0:
109,192,24499,1,0,0:0:0:0:
36,192,24666,1,0,0:0:0:0:
109,192,24666,1,0,0:0:0:0:
256,192,24666,1,0,0:0:0:0:
329,192,24666,1,0,0:0:0:0:
36,192,24833,1,0,0:0:0:0:
109,192,24833,1,0,0:0:0:0:
256,192,24833,1,0,0:0:0:0:
329,192,24833,1,0,0:0:0:0:
36,192,24999,1,0,0:0:0:0:
109,192,24999,1,0,0:0:0:0:
256,192,24999,1,0,0:0:0:0:
329,192,24999,1,0,0:0:0:0:
36,192,25166,1,0,0:0:0:0:
109,192,25166,1,0,0:0:0:0:
256,192,25166,1,0,0:0:0:0:
329,192,25166,1,0,0:0:0:0:
36,192,25333,1,0,0:0:0:0:
109,192,25333,1,0,0:0:0:0:
256,192,25333,1,0,0:0:0:0:
329,192,25333,1,0,0:0:0:0:
402,192,25333,1,0,0:0:0:0:
475,192,25333,1,0,0:0:0:0:
36,192,25499,1,0,0:0:0:0:
109,192,25499,1,0,0:0:0:0:
36,192,25666,1,0,0:0:0:0:
109,192,25666,1,0,0:0:0:0:
256,192,25666,1,0,0:0:0:0:
329,192,25666,1,0,0:0:0:0:
402,192,25666,1,0,0:0:0:0:
475,192,25666,1,0,0:0:0:0:
36,192,25833,1,0,0:0:0:0:
109,192,25833,1,0,0:0:0:0:
36,192,25999,1,0,0:0:0:0:
109,192,25999,1,0,0:0:0:0:
256,192,25999,1,0,0:0:0:0:
329,192,25999,1,0,0:0:0:0:
36,192,26166,1,0,0:0:0:0:
109,192,26166,1,0,0:0:0:0:
256,192,26166,1,0,0:0:0:0:
329,192,26166,1,0,0:0:0:0:
36,192,26333,1,0,0:0:0:0:
109,192,26333,1,0,0:0:0:0:
256,192,26333,1,0,0:0:0:0:
329,192,26333,1,0,0:0:0:0:
36,192,26499,1,0,0:0:0:0:
109,192,26499,1,0,0:0:0:0:
256,192,26499,1,0,0:0:0:0:
329,192,26499,1,0,0:0:0:0:
36,192,26666,1,0,0:0:0:0:
109,192,26666,1,0,0:0:0:0:
256,192,26666,1,0,0:0:0:0:
329,192,26666,1,0,0:0:0:0:
402,192,26666,1,0,0:0:0:0:
475,192,26666,1,0,0:0:0:0:
36,192,26833,1,0,0:0:0:0:
109,192,26833,1,0,0:0:0:0:
256,192,26833,1,0,0:0:0:0:
329,192,26833,1,0,0:0:0:0:
36,192,26999,1,0,0:0:0:0:
109,192,26999,1,0,0:0:0:0:
36,192,27166,1,0,0:0:0:0:
109,192,27166,1,0,0:0:0:0:
256,192,27166,1,0,0:0:0:0:
329,192,27166,1,0,0:0:0:0:
36,192,27333,1,0,0:0:0:0:
109,192,27333,1,0,0:0:0:0:
36,192,27499,1,0,0:0:0:0:
109,192,27499,1,0,0:0:0:0:
256,192,27499,1,0,0:0:0:0:
329,192,27499,1,0,0:0:0:0:
36,192,27666,1,0,0:0:0:0:
109,192,27666,1,0,0:0:0:0:
36,192,27833,1,0,0:0:0:0:
109,192,27833,1,0,0:0:0:0:
36,192,27999,1,0,0:0:0:0:
109,192,27999,1,0,0:0:0:0:
256,192,27999,1,0,0:0:0:0:
329,192,27999,1,0,0:0:0:0:
402,192,27999,1,0,0:0:0:0:
475,192,27999,1,0,0:0:0:0:
36,192,28166,1,0,0:0:0:0:
109,192,28166,1,0,0:0:0:0:
256,192,28166,1,0,0:0:0:0:
329,192,28166,1,0,0:0:0:0:
36,192,28333,1,0,0:0:0:0:
109,192,28333,1,0,0:0:0:0:
256,192,28333,1,0,0:0:0:0:
329,192,28333,1,0,0:0:0:0:
36,192,28499,1,0,0:0:0:0:
109,192,28499,1,0,0:0:0:0:
256,192,28499,1,0,0:0:0:0:
329,192,28499,1,0,0:0:0:0:
36,192,28666,1,0,0:0:0:0:
109,192,28666,1,0,0:0:0:0:
36,192,28833,1,0,0:0:0:0:
109,192,28833,1,0,0:0:0:0:
256,192,28833,1,0,0:0:0:0:
329,192,28833,1,0,0:0:0:0:
402,192,28833,1,0,0:0:0:0:
36,192,28999,1,0,0:0:0:0:
109,192,28999,1,0,0:0:0:0:
256,192,28999,1,0,0:0:0:0:
329,192,28999,1,0,0:0:0:0:
36,192,29166,1,0,0:0:0:0:
109,192,29166,1,0,0:0:0:0:
256,192,29166,1,0,0:0:0:0:
329,192,29166,1,0,0:0:0:0:
36,192,29333,1,0,0:0:0:0:
109,192,29333,1,0,0:0:0:0:
256,192,29333,1,0,0:0:0:0:
329,192,29333,1,0,0:0:0:0:
36,192,29499,1,0,0:0:0:0:
109,192,29499,1,0,0:0:0:0:
256,192,29499,1,0,0:0:0:0:
329,192,29499,1,0,0:0:0:0:
36,192,29666,1,0,0:0:0:0:
109,192,29666,1,0,0:0:0:0:
256,192,29666,1,0,0:0:0:0:
329,192,29666,1,0,0:0:0:0:
36,192,29833,1,0,0:0:0:0:
109,192,29833,1,0,0:0:0:0:
256,192,29833,1,0,0:0:0:0:
329,192,29833,1,0,0:0:0:0:
36,192,29999,1,0,0:0:0:0:
109,192,29999,1,0,0:0:0:0:
36,192,30166,1,0,0:0:0:0:
109,192,30166,1,0,0:0:0:0:
256,192,30166,1,0,0:0:0:0:
329,192,30166,1,0,0:0:0:0:
36,192,30333,1,0,0:0:0:0:
109,192,30333,1,0,0:0:0:0:
256,192,30333,1,0,0:0:0:0:
329,192,30333,1,0,0:0:0:0:
36,192,30499,1,0,0:0:0:0:
109,192,30499,1,0,0:0:0:0:
256,192,30499,1,0,0:0:0:0:
329,192,30499,1,0,0:0:0:0:
36,192,30666,1,0,0:0:0:0:
109,192,30666,1,0,0:0:0:0:
256,192,30666,1,0,0:0:0:0:
329,192,30666,1,0,0:0:0:0:
402,192,30666,1,0,0:0:0:0:
475,192,30666,1,0,0:0:0:0:
36,192,30833,1,0,0:0:0:0:
109,192,30833,1,0,0:0:0:0:
256,192,30833,1,0,0:0:0:0:
329,192,30833,1,0,0:0:0:0:
36,192,30999,1,0,0:0:0:0:
109,192,30999,1,0,0:0:0:0:
256,192,30999,1,0,0:0:0:0:
329,192,30999,1,0,0:0:0:0:
36,192,31166,1,0,0:0:0:0:
109,192,31166,1,0,0:0:0:0:
256,192,31166,1,0,0:0:0:0:
329,192,31166,1,0,0:0:0:0:
36,192,31333,1,0,0:0:0:0:
109,192,31333,1,0,0:0:0:0:
36,192,31499,1,0,0:0:0:0:
109,192,31499,1,0,0:0:0:0:
256,192,31499,1,0,0:0:0:0:
329,192,31499,1,0,0:0:0:0:
402,192,31499,1,0,0:0:0:0:
36,192,31666,1,0,0:0:0:0:
109,192,31666,1,0,0:0:0:0:
256,192,31666,1,0,0:0:0:0:
329,192,31666,1,0,0:0:0:0:
36,192,31833,1,0,0:0:0:0:
109,192,31833,1,0,0:0:0:0:
182,192,31833,1,0,0:0:0:0:
256,192,31833,1,0,0:0:0:0:
329,192,31833,1,0,0:0:0:0:
36,192,31999,1,0,0:0:0:0:
109,192,31999,1,0,0:0:0:0:
36,192,32166,1,0,0:0:0:0:
109,192,32166,1,0,0:0:0:0:
182,192,32166,1,0,0:0:0:0:
36,192,32333,1,0,0:0:0:0:
109,192,32333,1,0,0:0:0:0:
182,192,32333,1,0,0:0:0:0:
36,192,32499,1,0,0:0:0:0:
109,192,32499,1,0,0:0:0:0:
182,192,32499,1,0,0:0:0:0:
36,192,32666,1,0,0:0:0:0:
109,192,32666,1,0,0:0:0:0:
36,192,32833,1,0,0:0:0:0:
109,192,32833,1,0,0:0:0:0:
182,192,32833,1,0,0:0:0:0:
256,192,32833,1,0,0:0:0:0:
329,192,32833,1,0,0:0:0:0:
36,192,32999,1,0,0:0:0:0:
109,192,32999,1,0,0:0:0:0:
182,192,32999,1,0,0:0:0:0:
256,192,32999,1,0,0:0:0:0:
329,192,32999,1,0,0:0:0:0:
36,192,33166,1,0,0:0:0:0:
109,192,33166,1,0,0:0:0:0:
256,192,33166,1,0,0:0:0:0:
329,192,33166,1,0,0:0:0:0:
36,192,33333,1,0,0:0:0:0:
109,192,33333,1,0,0:0:0:0:
256,192,33333,1,0,0:0:0:0:
329,192,33333,1,0,0:0:0:0:
402,192,33333,1,0,0:0:0:0:
475,192,33333,1,0,0:0:0:0:
36,192,33499,1,0,0:0:0:0:
109,192,33499,1,0,0:0:0:0:
36,192,33666,1,0,0:0:0:0:
109,192,33666,1,0,0:0:0:0:
256,192,33666,1,0,0:0:0:0:
329,192,33666,1,0,0:0:0:0:
402,192,33666,1,0,0:0:0:0:
475,192,33666,1,0,0:0:0:0:
36,192,33833,1,0,0:0:0:0:
109,192,33833,1,0,0:0:0:0:
36,192,33999,1,0,0:0:0:0:
109,192,33999,1,0,0:0:0:0:
256,192,33999,1,0,0:0:0:0:
329,192,33999,1,0,0:0:0:0:
36,192,34166,1,0,0:0:0:0:
109,192,34166,1,0,0:0:0:0:
256,192,34166,1,0,0:0:0:0:
329,192,34166,1,0,0:0:0:0:
36,192,34333,1,0,0:0:0:0:
109,192,34333,1,0,0:0:0:0:
256,192,34333,1,0,0:0:0:0:
329,192,34333,1,0,0:0:0:0:
36,192,34499,1,0,0:0:0:0:
109,192,34499,1,0,0:0:0:0:
256,192,34499,1,0,0:0:0:0:
329,192,34499,1,0,0:0:0:0:
36,192,34666,1,0,0:0:0:0:
109,192,34666,1,0,0:0:0:0:
256,192,34666,1,0,0:0:0:0:
329,192,34666,1,0,0:0:0:0:
402,192,34666,1,0,0:0:0:0:
36,192,34833,1,0,0:0:0:0:
109,192,34833,1,0,0:0:0:0:
256,192,34833,1,0,0:0:0:0:
329,192,34833,1,0,0:0:0:0:
36,192,34999,1,0,0:0:0:0:
109,192,34999,1,0,0:0:0:0:
256,192,34999,1,0,0:0:0:0:
329,192,34999,1,0,0:0:0:0:
36,192,35166,1,0,0:0:0:0:
109,192,35166,1,0,0:0:0:0:
256,192,35166,1,0,0:0:0:0:
329,192,35166,1,0,0:0:0:0:
36,192,35333,1,0,0:0:0:0:
109,192,35333,1,0,0:0:0:0:
36,192,35499,1,0,0:0:0:0:
109,192,35499,1,0,0:0:0:0:
256,192,35499,1,0,0:0:0:0:
329,192,35499,1,0,0:0:0:0:
36,192,35666,1,0,0:0:0:0:
109,192,35666,1,0,0:0:0:0:
256,192,35666,1,0,0:0:0:0:
329,192,35666,1,0,0:0:0:0:
36,192,35833,1,0,0:0:0:0:
109,192,35833,1,0,0:0:0:0:
256,192,35833,1,0,0:0:0:0:
329,192,35833,1,0,0:0:0:0:
36,192,35999,1,0,0:0:0:0:
109,192,35999,1,0,0:0:0:0:
256,192,35999,1,0,0:0:0:0:
329,192,35999,1,0,0:0:0:0:
402,192,35999,1,0,0:0:0:0:
475,192,35999,1,0,0:0:0:0:
36,192,36166,1,0,0:0:0:0:
109,192,36166,1,0,0:0:0:0:
256,192,36166,1,0,0:0:0:0:
329,192,36166,1,0,0:0:0:0:
36,192,36333,1,0,0:0:0:0:
109,192,36333,1,0,0:0:0:0:
256,192,36333,1,0,0:0:0:0:
329,192,36333,1,0,0:0:0:0:
36,192,36499,1,0,0:0:0:0:
109,192,36499,1,0,0:0:0:0:
256,192,36499,1,0,0:0:0:0:
329,192,36499,1,0,0:0:0:0:
36,192,36666,1,0,0:0:0:0:
109,192,36666,1,0,0:0:0:0:
36,192,36833,1,0,0:0:0:0:
109,192,36833,1,0,0:0:0:0:
256,192,36833,1,0,0:0:0:0:
329,192,36833,1,0,0:0:0:0:
36,192,36999,1,0,0:0:0:0:
109,192,36999,1,0,0:0:0:0:
256,192,36999,1,0,0:0:0:0:
329,192,36999,1,0,0:0:0:0:
402,192,36999,1,0,0:0:0:0:
36,192,37166,1,0,0:0:0:0:
109,192,37166,1,0,0:0:0:0:
36,192,37333,1,0,0:0:0:0:
109,192,37333,1,0,0:0:0:0:
182,192,37333,1,0,0:0:0:0:
256,192,37333,1,0,0:0:0:0:
329,192,37333,1,0,0:0:0:0:
402,192,37333,1,0,0:0:0:0:
36,192,37499,1,0,0:0:0:0:
109,192,37499,1,0,0:0:0:0:
36,192,37666,1,0,0:0:0:0:
109,192,37666,1,0,0:0:0:0:
182,192,37666,1,0,0:0:0:0:
256,192,37666,1,0,0:0:0:0:
329,192,37666,1,0,0:0:0:0:
402,192,37666,1,0,0:0:0:0:
36,192,37833,1,0,0:0:0:0:
109,192,37833,1,0,0:0:0:0:
36,192,37999,1,0,0:0:0:0:
109,192,37999,1,0,0:0:0:0:
182,192,37999,1,0,0:0:0:0:
256,192,37999,1,0,0:0:0:0:
329,192,37999,1,0,0:0:0:0:
402,192,37999,1,0,0:0:0:0:
36,192,38166,1,0,0:0:0:0:
109,192,38166,1,0,0:0:0:0:
36,192,38333,1,0,0:0:0:0:
109,192,38333,1,0,0:0:0:0:
36,192,38499,1,0,0:0:0:0:
109,192,38499,1,0,0:0:0:0:
36,192,38666,1,0,0:0:0:0:
109,192,38666,1,0,0:0:0:0:
256,192,38666,1,0,0:0:0:0:
329,192,38666,1,0,0:0:0:0:
402,192,38666,1,0,0:0:0:0:
475,192,38666,1,0,0:0:0:0:
36,192,38833,1,0,0:0:0:0:
109,192,38833,1,0,0:0:0:0:
36,192,38999,1,0,0:0:0:0:
109,192,38999,1,0,0:0:0:0:
256,192,38999,1,0,0:0:0:0:
329,192,38999,1,0,0:0:0:0:
402,192,38999,1,0,0:0:0:0:
36,192,39166,1,0,0:0:0:0:
109,192,39166,1,0,0:0:0:0:
36,192,39333,1,0,0:0:0:0:
109,192,39333,1,0,0:0:0:0:
256,192,39333,1,0,0:0:0:0:
329,192,39333,1,0,0:0:0:0:
402,192,39333,1,0,0:0:0:0:
475,192,39333,1,0,0:0:0:0:
36,192,39499,1,0,0:0:0:0:
109,192,39499,1,0,0:0:0:0:
36,192,39666,1,0,0:0:0:0:
109,192,39666,1,0,0:0:0:0:
256,192,39666,1,0,0:0:0:0:
329,192,39666,1,0,0:0:0:0:
402,192,39666,1,0,0:0:0:0:
475,192,39666,1,0,0:0:0:0:
36,192,39833,1,0,0:0:0:0:
109,192,39833,1,0,0:0:0:0:
256,192,39833,1,0,0:0:0:0:
402,192,39833,1,0,0:0:0:0:
329,192,39833,1,0,0:0:0:0:
36,192,39999,1,0,0:0:0:0:
109,192,39999,1,0,0:0:0:0:
36,192,40166,1,0,0:0:0:0:
109,192,40166,1,0,0:0:0:0:
256,192,40166,1,0,0:0:0:0:
329,192,40166,1,0,0:0:0:0:
402,192,40166,1,0,0:0:0:0:
36,192,40333,1,0,0:0:0:0:
109,192,40333,1,0,0:0:0:0:
36,192,40499,1,0,0:0:0:0:
109,192,40499,1,0,0:0:0:0:
256,192,40499,1,0,0:0:0:0:
329,192,40499,1,0,0:0:0:0:
402,192,40499,1,0,0:0:0:0:
36,192,40666,1,0,0:0:0:0:
109,192,40666,1,0,0:0:0:0:
36,192,40833,1,0,0:0:0:0:
109,192,40833,1,0,0:0:0:0:
256,192,40833,1,0,0:0:0:0:
329,192,40833,1,0,0:0:0:0:
402,192,40833,1,0,0:0:0:0:
36,192,40999,1,0,0:0:0:0:
109,192,40999,1,0,0:0:0:0:
36,192,41166,1,0,0:0:0:0:
109,192,41166,1,0,0:0:0:0:
36,192,41333,1,0,0:0:0:0:
109,192,41333,1,0,0:0:0:0:
256,192,41333,1,0,0:0:0:0:
329,192,41333,1,0,0:0:0:0:
402,192,41333,1,0,0:0:0:0:
475,192,41333,1,0,0:0:0:0:
36,192,41499,1,0,0:0:0:0:
109,192,41499,1,0,0:0:0:0:
36,192,41666,1,0,0:0:0:0:
109,192,41666,1,0,0:0:0:0:
256,192,41666,1,0,0:0:0:0:
329,192,41666,1,0,0:0:0:0:
402,192,41666,1,0,0:0:0:0:
36,192,41833,1,0,0:0:0:0:
109,192,41833,1,0,0:0:0:0:
36,192,41999,1,0,0:0:0:0:
109,192,41999,1,0,0:0:0:0:
256,192,41999,1,0,0:0:0:0:
329,192,41999,1,0,0:0:0:0:
402,192,41999,1,0,0:0:0:0:
475,192,41999,1,0,0:0:0:0:
36,192,42166,1,0,0:0:0:0:
109,192,42166,1,0,0:0:0:0:
36,192,42333,1,0,0:0:0:0:
109,192,42333,1,0,0:0:0:0:
256,192,42333,1,0,0:0:0:0:
329,192,42333,1,0,0:0:0:0:
402,192,42333,1,0,0:0:0:0:
475,192,42333,1,0,0:0:0:0:
36,192,42499,1,0,0:0:0:0:
109,192,42499,1,0,0:0:0:0:
256,192,42499,1,0,0:0:0:0:
329,192,42499,1,0,0:0:0:0:
402,192,42499,1,0,0:0:0:0:
36,192,42666,1,0,0:0:0:0:
109,192,42666,1,0,0:0:0:0:
36,192,42833,1,0,0:0:0:0:
109,192,42833,1,0,0:0:0:0:
256,192,42833,1,0,0:0:0:0:
329,192,42833,1,0,0:0:0:0:
402,192,42833,1,0,0:0:0:0:
36,192,42999,1,0,0:0:0:0:
109,192,42999,1,0,0:0:0:0:
36,192,43166,1,0,0:0:0:0:
109,192,43166,1,0,0:0:0:0:
256,192,43166,1,0,0:0:0:0:
329,192,43166,1,0,0:0:0:0:
402,192,43166,1,0,0:0:0:0:
36,192,43333,1,0,0:0:0:0:
109,192,43333,1,0,0:0:0:0:
36,192,43499,1,0,0:0:0:0:
109,192,43499,1,0,0:0:0:0:
256,192,43499,1,0,0:0:0:0:
329,192,43499,1,0,0:0:0:0:
402,192,43499,1,0,0:0:0:0:
36,192,43666,1,0,0:0:0:0:
109,192,43666,1,0,0:0:0:0:
36,192,43833,1,0,0:0:0:0:
109,192,43833,1,0,0:0:0:0:
36,192,43999,1,0,0:0:0:0:
109,192,43999,1,0,0:0:0:0:
256,192,43999,1,0,0:0:0:0:
329,192,43999,1,0,0:0:0:0:
402,192,43999,1,0,0:0:0:0:
475,192,43999,1,0,0:0:0:0:
36,192,44166,1,0,0:0:0:0:
109,192,44166,1,0,0:0:0:0:
36,192,44333,1,0,0:0:0:0:
109,192,44333,1,0,0:0:0:0:
256,192,44333,1,0,0:0:0:0:
329,192,44333,1,0,0:0:0:0:
402,192,44333,1,0,0:0:0:0:
36,192,44499,1,0,0:0:0:0:
109,192,44499,1,0,0:0:0:0:
36,192,44666,1,0,0:0:0:0:
109,192,44666,1,0,0:0:0:0:
256,192,44666,1,0,0:0:0:0:
329,192,44666,1,0,0:0:0:0:
402,192,44666,1,0,0:0:0:0:
475,192,44666,1,0,0:0:0:0:
36,192,44833,1,0,0:0:0:0:
109,192,44833,1,0,0:0:0:0:
36,192,44999,1,0,0:0:0:0:
109,192,44999,1,0,0:0:0:0:
256,192,44999,1,0,0:0:0:0:
329,192,44999,1,0,0:0:0:0:
402,192,44999,1,0,0:0:0:0:
475,192,44999,1,0,0:0:0:0:
36,192,45166,1,0,0:0:0:0:
109,192,45166,1,0,0:0:0:0:
256,192,45166,1,0,0:0:0:0:
329,192,45166,1,0,0:0:0:0:
402,192,45166,1,0,0:0:0:0:
36,192,45333,1,0,0:0:0:0:
109,192,45333,1,0,0:0:0:0:
36,192,45499,1,0,0:0:0:0:
109,192,45499,1,0,0:0:0:0:
256,192,45499,1,0,0:0:0:0:
329,192,45499,1,0,0:0:0:0:
402,192,45499,1,0,0:0:0:0:
36,192,45666,1,0,0:0:0:0:
109,192,45666,1,0,0:0:0:0:
36,192,45833,1,0,0:0:0:0:
109,192,45833,1,0,0:0:0:0:
256,192,45833,1,0,0:0:0:0:
329,192,45833,1,0,0:0:0:0:
402,192,45833,1,0,0:0:0:0:
36,192,45999,1,0,0:0:0:0:
109,192,45999,1,0,0:0:0:0:
36,192,46166,1,0,0:0:0:0:
109,192,46166,1,0,0:0:0:0:
256,192,46166,1,0,0:0:0:0:
329,192,46166,1,0,0:0:0:0:
402,192,46166,1,0,0:0:0:0:
36,192,46333,1,0,0:0:0:0:
109,192,46333,1,0,0:0:0:0:
36,192,46499,1,0,0:0:0:0:
109,192,46499,1,0,0:0:0:0:
36,192,46666,1,0,0:0:0:0:
109,192,46666,1,0,0:0:0:0:
182,192,46666,1,0,0:0:0:0:
256,192,46666,1,0,0:0:0:0:
329,192,46666,1,0,0:0:0:0:
402,192,46666,1,0,0:0:0:0:
475,192,46666,1,0,0:0:0:0:
36,192,46833,1,0,0:0:0:0:
109,192,46833,1,0,0:0:0:0:
182,192,46833,1,0,0:0:0:0:
36,192,46999,1,0,0:0:0:0:
109,192,46999,1,0,0:0:0:0:
182,192,46999,1,0,0:0:0:0:
256,192,46999,1,0,0:0:0:0:
329,192,46999,1,0,0:0:0:0:
36,192,47166,1,0,0:0:0:0:
109,192,47166,1,0,0:0:0:0:
182,192,47166,1,0,0:0:0:0:
256,192,47166,1,0,0:0:0:0:
329,192,47166,1,0,0:0:0:0:
36,192,47333,1,0,0:0:0:0:
109,192,47333,1,0,0:0:0:0:
256,192,47333,1,0,0:0:0:0:
329,192,47333,1,0,0:0:0:0:
36,192,47499,1,0,0:0:0:0:
109,192,47499,1,0,0:0:0:0:
182,192,47499,1,0,0:0:0:0:
256,192,47499,1,0,0:0:0:0:
329,192,47499,1,0,0:0:0:0:
36,192,47666,1,0,0:0:0:0:
109,192,47666,1,0,0:0:0:0:
182,192,47666,1,0,0:0:0:0:
256,192,47666,1,0,0:0:0:0:
329,192,47666,1,0,0:0:0:0:
36,192,47833,1,0,0:0:0:0:
109,192,47833,1,0,0:0:0:0:
256,192,47833,1,0,0:0:0:0:
329,192,47833,1,0,0:0:0:0:
36,192,47999,1,0,0:0:0:0:
109,192,47999,1,0,0:0:0:0:
182,192,47999,1,0,0:0:0:0:
256,192,47999,1,0,0:0:0:0:
329,192,47999,1,0,0:0:0:0:
402,192,47999,1,0,0:0:0:0:
475,192,47999,1,0,0:0:0:0:
36,192,48166,1,0,0:0:0:0:
109,192,48166,1,0,0:0:0:0:
182,192,48166,1,0,0:0:0:0:
36,192,48333,1,0,0:0:0:0:
109,192,48333,1,0,0:0:0:0:
182,192,48333,1,0,0:0:0:0:
36,192,48499,1,0,0:0:0:0:
109,192,48499,1,0,0:0:0:0:
182,192,48499,1,0,0:0:0:0:
256,192,48499,1,0,0:0:0:0:
329,192,48499,1,0,0:0:0:0:
402,192,48499,1,0,0:0:0:0:
475,192,48499,1,0,0:0:0:0:
36,192,48666,1,0,0:0:0:0:
109,192,48666,1,0,0:0:0:0:
36,192,48833,1,0,0:0:0:0:
109,192,48833,1,0,0:0:0:0:
182,192,48833,1,0,0:0:0:0:
36,192,48999,1,0,0:0:0:0:
109,192,48999,1,0,0:0:0:0:
182,192,48999,1,0,0:0:0:0:
36,192,49166,1,0,0:0:0:0:
109,192,49166,1,0,0:0:0:0:
36,192,49333,1,0,0:0:0:0:
109,192,49333,1,0,0:0:0:0:
256,192,49333,1,0,0:0:0:0:
329,192,49333,1,0,0:0:0:0:
402,192,49333,1,0,0:0:0:0:
475,192,49333,1,0,0:0:0:0:
36,192,49499,1,0,0:0:0:0:
109,192,49499,1,0,0:0:0:0:
36,192,49666,1,0,0:0:0:0:
109,192,49666,1,0,0:0:0:0:
256,192,49666,1,0,0:0:0:0:
329,192,49666,1,0,0:0:0:0:
36,192,49833,1,0,0:0:0:0:
109,192,49833,1,0,0:0:0:0:
36,192,49999,1,0,0:0:0:0:
109,192,49999,1,0,0:0:0:0:
256,192,49999,1,0,0:0:0:0:
329,192,49999,1,0,0:0:0:0:
36,192,50166,1,0,0:0:0:0:
109,192,50166,1,0,0:0:0:0:
36,192,50333,1,0,0:0:0:0:
109,192,50333,1,0,0:0:0:0:
256,192,50333,1,0,0:0:0:0:
329,192,50333,1,0,0:0:0:0:
36,192,50499,1,0,0:0:0:0:
109,192,50499,1,0,0:0:0:0:
256,192,50499,1,0,0:0:0:0:
329,192,50499,1,0,0:0:0:0:
36,192,50666,1,0,0:0:0:0:
109,192,50666,1,0,0:0:0:0:
36,192,50833,1,0,0:0:0:0:
109,192,50833,1,0,0:0:0:0:
256,192,50833,1,0,0:0:0:0:
329,192,50833,1,0,0:0:0:0:
36,192,50999,1,0,0:0:0:0:
109,192,50999,1,0,0:0:0:0:
36,192,51166,1,0,0:0:0:0:
109,192,51166,1,0,0:0:0:0:
256,192,51166,1,0,0:0:0:0:
329,192,51166,1,0,0:0:0:0:
36,192,51333,1,0,0:0:0:0:
109,192,51333,1,0,0:0:0:0:
36,192,51499,1,0,0:0:0:0:
109,192,51499,1,0,0:0:0:0:
256,192,51499,1,0,0:0:0:0:
329,192,51499,1,0,0:0:0:0:
36,192,51666,1,0,0:0:0:0:
109,192,51666,1,0,0:0:0:0:
36,192,51833,1,0,0:0:0:0:
109,192,51833,1,0,0:0:0:0:
36,192,51999,1,0,0:0:0:0:
109,192,51999,1,0,0:0:0:0:
256,192,51999,1,0,0:0:0:0:
329,192,51999,1,0,0:0:0:0:
402,192,51999,1,0,0:0:0:0:
475,192,51999,1,0,0:0:0:0:
36,192,52166,1,0,0:0:0:0:
109,192,52166,1,0,0:0:0:0:
36,192,52333,1,0,0:0:0:0:
109,192,52333,1,0,0:0:0:0:
256,192,52333,1,0,0:0:0:0:
329,192,52333,1,0,0:0:0:0:
36,192,52499,1,0,0:0:0:0:
109,192,52499,1,0,0:0:0:0:
36,192,52666,1,0,0:0:0:0:
109,192,52666,1,0,0:0:0:0:
256,192,52666,1,0,0:0:0:0:
329,192,52666,1,0,0:0:0:0:
36,192,52833,1,0,0:0:0:0:
109,192,52833,1,0,0:0:0:0:
256,192,52833,1,0,0:0:0:0:
329,192,52833,1,0,0:0:0:0:
36,192,52999,1,0,0:0:0:0:
109,192,52999,1,0,0:0:0:0:
256,192,52999,1,0,0:0:0:0:
329,192,52999,1,0,0:0:0:0:
36,192,53166,1,0,0:0:0:0:
109,192,53166,1,0,0:0:0:0:
256,192,53166,1,0,0:0:0:0:
329,192,53166,1,0,0:0:0:0:
36,192,53333,1,0,0:0:0:0:
109,192,53333,1,0,0:0:0:0:
36,192,53499,1,0,0:0:0:0:
109,192,53499,1,0,0:0:0:0:
256,192,53499,1,0,0:0:0:0:
329,192,53499,1,0,0:0:0:0:
36,192,53666,1,0,0:0:0:0:
109,192,53666,1,0,0:0:0:0:
36,192,53833,1,0,0:0:0:0:
109,192,53833,1,0,0:0:0:0:
256,192,53833,1,0,0:0:0:0:
329,192,53833,1,0,0:0:0:0:
36,192,53999,1,0,0:0:0:0:
109,192,53999,1,0,0:0:0:0:
36,192,54166,1,0,0:0:0:0:
109,192,54166,1,0,0:0:0:0:
256,192,54166,1,0,0:0:0:0:
329,192,54166,1,0,0:0:0:0:
36,192,54333,1,0,0:0:0:0:
109,192,54333,1,0,0:0:0:0:
256,192,54333,1,0,0:0:0:0:
329,192,54333,1,0,0:0:0:0:
36,192,54499,1,0,0:0:0:0:
109,192,54499,1,0,0:0:0:0:
256,192,54499,1,0,0:0:0:0:
329,192,54499,1,0,0:0:0:0:
36,192,54666,1,0,0:0:0:0:
109,192,54666,1,0,0:0:0:0:
256,192,54666,1,0,0:0:0:0:
329,192,54666,1,0,0:0:0:0:
402,192,54666,1,0,0:0:0:0:
36,192,54833,1,0,0:0:0:0:
109,192,54833,1,0,0:0:0:0:
256,192,54833,1,0,0:0:0:0:
329,192,54833,1,0,0:0:0:0:
36,192,54999,1,0,0:0:0:0:
109,192,54999,1,0,0:0:0:0:
36,192,55166,1,0,0:0:0:0:
109,192,55166,1,0,0:0:0:0:
256,192,55166,1,0,0:0:0:0:
329,192,55166,1,0,0:0:0:0:
36,192,55333,1,0,0:0:0:0:
109,192,55333,1,0,0:0:0:0:
36,192,55499,1,0,0:0:0:0:
109,192,55499,1,0,0:0:0:0:
36,192,55666,1,0,0:0:0:0:
109,192,55666,1,0,0:0:0:0:
36,192,55833,1,0,0:0:0:0:
109,192,55833,1,0,0:0:0:0:
36,192,55999,1,0,0:0:0:0:
109,192,55999,1,0,0:0:0:0:
256,192,55999,1,0,0:0:0:0:
329,192,55999,1,0,0:0:0:0:
402,192,55999,1,0,0:0:0:0:
36,192,56166,1,0,0:0:0:0:
109,192,56166,1,0,0:0:0:0:
256,192,56166,1,0,0:0:0:0:
329,192,56166,1,0,0:0:0:0:
36,192,56333,1,0,0:0:0:0:
109,192,56333,1,0,0:0:0:0:
36,192,56499,1,0,0:0:0:0:
109,192,56499,1,0,0:0:0:0:
256,192,56499,1,0,0:0:0:0:
329,192,56499,1,0,0:0:0:0:
36,192,56666,1,0,0:0:0:0:
109,192,56666,1,0,0:0:0:0:
36,192,56833,1,0,0:0:0:0:
109,192,56833,1,0,0:0:0:0:
256,192,56833,1,0,0:0:0:0:
329,192,56833,1,0,0:0:0:0:
36,192,56999,1,0,0:0:0:0:
109,192,56999,1,0,0:0:0:0:
256,192,56999,1,0,0:0:0:0:
329,192,56999,1,0,0:0:0:0:
402,192,56999,1,0,0:0:0:0:
36,192,57166,1,0,0:0:0:0:
109,192,57166,1,0,0:0:0:0:
256,192,57166,1,0,0:0:0:0:
329,192,57166,1,0,0:0:0:0:
36,192,57333,1,0,0:0:0:0:
109,192,57333,1,0,0:0:0:0:
36,192,57499,1,0,0:0:0:0:
109,192,57499,1,0,0:0:0:0:
36,192,57666,1,0,0:0:0:0:
109,192,57666,1,0,0:0:0:0:
36,192,57833,1,0,0:0:0:0:
109,192,57833,1,0,0:0:0:0:
36,192,57999,1,0,0:0:0:0:
109,192,57999,1,0,0:0:0:0:
36,192,58166,1,0,0:0:0:0:
109,192,58166,1,0,0:0:0:0:
36,192,58333,1,0,0:0:0:0:
109,192,58333,1,0,0:0:0:0:
36,192,58499,1,0,0:0:0:0:
109,192,58499,1,0,0:0:0:0:
36,192,58666,1,0,0:0:0:0:
109,192,58666,1,0,0:0:0:0:
36,192,58833,1,0,0:0:0:0:
109,192,58833,1,0,0:0:0:0:
256,192,58833,1,0,0:0:0:0:
329,192,58833,1,0,0:0:0:0:
402,192,58833,1,0,0:0:0:0:
36,192,58999,1,0,0:0:0:0:
109,192,58999,1,0,0:0:0:0:
256,192,58999,1,0,0:0:0:0:
329,192,58999,1,0,0:0:0:0:
402,192,58999,1,0,0:0:0:0:
36,192,59166,1,0,0:0:0:0:
109,192,59166,1,0,0:0:0:0:
256,192,59166,1,0,0:0:0:0:
329,192,59166,1,0,0:0:0:0:
402,192,59166,1,0,0:0:0:0:
36,192,59333,1,0,0:0:0:0:
109,192,59333,1,0,0:0:0:0:
329,192,59333,1,0,0:0:0:0:
256,192,59333,1,0,0:0:0:0:
402,192,59333,1,0,0:0:0:0:
475,192,59333,1,0,0:0:0:0:
36,192,59499,1,0,0:0:0:0:
109,192,59499,1,0,0:0:0:0:
36,192,59666,1,0,0:0:0:0:
109,192,59666,1,0,0:0:0:0:
36,192,59833,1,0,0:0:0:0:
109,192,59833,1,0,0:0:0:0:
36,192,59999,1,0,0:0:0:0:
109,192,59999,1,0,0:0:0:0:
182,192,59999,1,0,0:0:0:0:
256,192,59999,1,0,0:0:0:0:
329,192,59999,1,0,0:0:0:0:
402,192,59999,1,0,0:0:0:0:
475,192,59999,1,0,0:0:0:0:
36,192,60166,1,0,0:0:0:0:
109,192,60166,1,0,0:0:0:0:
182,192,60166,1,0,0:0:0:0:
256,192,60166,1,0,0:0:0:0:
329,192,60166,1,0,0:0:0:0:
36,192,60333,1,0,0:0:0:0:
109,192,60333,1,0,0:0:0:0:
182,192,60333,1,0,0:0:0:0:
256,192,60333,1,0,0:0:0:0:
329,192,60333,1,0,0:0:0:0:
36,192,60499,1,0,0:0:0:0:
109,192,60499,1,0,0:0:0:0:
182,192,60499,1,0,0:0:0:0:
256,192,60499,1,0,0:0:0:0:
329,192,60499,1,0,0:0:0:0:
36,192,60666,1,0,0:0:0:0:
109,192,60666,1,0,0:0:0:0:
36,192,60833,1,0,0:0:0:0:
109,192,60833,1,0,0:0:0:0:
182,192,60833,1,0,0:0:0:0:
256,192,60833,1,0,0:0:0:0:
329,192,60833,1,0,0:0:0:0:
402,192,60833,1,0,0:0:0:0:
36,192,60999,1,0,0:0:0:0:
109,192,60999,1,0,0:0:0:0:
182,192,60999,1,0,0:0:0:0:
36,192,61166,1,0,0:0:0:0:
109,192,61166,1,0,0:0:0:0:
256,192,61166,1,0,0:0:0:0:
329,192,61166,1,0,0:0:0:0:
402,192,61166,1,0,0:0:0:0:
36,192,61333,1,0,0:0:0:0:
109,192,61333,1,0,0:0:0:0:
36,192,61499,1,0,0:0:0:0:
109,192,61499,1,0,0:0:0:0:
256,192,61499,1,0,0:0:0:0:
329,192,61499,1,0,0:0:0:0:
36,192,61666,1,0,0:0:0:0:
109,192,61666,1,0,0:0:0:0:
256,192,61666,1,0,0:0:0:0:
329,192,61666,1,0,0:0:0:0:
36,192,61833,1,0,0:0:0:0:
109,192,61833,1,0,0:0:0:0:
256,192,61833,1,0,0:0:0:0:
329,192,61833,1,0,0:0:0:0:
36,192,61999,1,0,0:0:0:0:
109,192,61999,1,0,0:0:0:0:
36,192,62166,1,0,0:0:0:0:
109,192,62166,1,0,0:0:0:0:
256,192,62166,1,0,0:0:0:0:
329,192,62166,1,0,0:0:0:0:
402,192,62166,1,0,0:0:0:0:
36,192,62333,1,0,0:0:0:0:
109,192,62333,1,0,0:0:0:0:
36,192,62499,1,0,0:0:0:0:
109,192,62499,1,0,0:0:0:0:
36,192,62666,1,0,0:0:0:0:
109,192,62666,1,0,0:0:0:0:
256,192,62666,1,0,0:0:0:0:
329,192,62666,1,0,0:0:0:0:
402,192,62666,1,0,0:0:0:0:
475,192,62666,1,0,0:0:0:0:
36,192,62833,1,0,0:0:0:0:
109,192,62833,1,0,0:0:0:0:
256,192,62833,1,0,0:0:0:0:
329,192,62833,1,0,0:0:0:0:
36,192,62999,1,0,0:0:0:0:
109,192,62999,1,0,0:0:0:0:
256,192,62999,1,0,0:0:0:0:
329,192,62999,1,0,0:0:0:0:
36,192,63166,1,0,0:0:0:0:
109,192,63166,1,0,0:0:0:0:
182,192,63166,1,0,0:0:0:0:
256,192,63166,1,0,0:0:0:0:
329,192,63166,1,0,0:0:0:0:
36,192,63333,1,0,0:0:0:0:
109,192,63333,1,0,0:0:0:0:
36,192,63499,1,0,0:0:0:0:
109,192,63499,1,0,0:0:0:0:
182,192,63499,1,0,0:0:0:0:
256,192,63499,1,0,0:0:0:0:
329,192,63499,1,0,0:0:0:0:
402,192,63499,1,0,0:0:0:0:
36,192,63666,1,0,0:0:0:0:
109,192,63666,1,0,0:0:0:0:
182,192,63666,1,0,0:0:0:0:
36,192,63833,1,0,0:0:0:0:
109,192,63833,1,0,0:0:0:0:
256,192,63833,1,0,0:0:0:0:
402,192,63833,1,0,0:0:0:0:
329,192,63833,1,0,0:0:0:0:
36,192,63999,1,0,0:0:0:0:
109,192,63999,1,0,0:0:0:0:
36,192,64166,1,0,0:0:0:0:
109,192,64166,1,0,0:0:0:0:
256,192,64166,1,0,0:0:0:0:
329,192,64166,1,0,0:0:0:0:
36,192,64333,1,0,0:0:0:0:
109,192,64333,1,0,0:0:0:0:
256,192,64333,1,0,0:0:0:0:
329,192,64333,1,0,0:0:0:0:
36,192,64499,1,0,0:0:0:0:
109,192,64499,1,0,0:0:0:0:
256,192,64499,1,0,0:0:0:0:
329,192,64499,1,0,0:0:0:0:
36,192,64666,1,0,0:0:0:0:
109,192,64666,1,0,0:0:0:0:
256,192,64666,1,0,0:0:0:0:
329,192,64666,1,0,0:0:0:0:
36,192,64833,1,0,0:0:0:0:
109,192,64833,1,0,0:0:0:0:
36,192,64999,1,0,0:0:0:0:
109,192,64999,1,0,0:0:0:0:
36,192,65166,1,0,0:0:0:0:
109,192,65166,1,0,0:0:0:0:
36,192,65333,1,0,0:0:0:0:
109,192,65333,1,0,0:0:0:0:
182,192,65333,1,0,0:0:0:0:
256,192,65333,1,0,0:0:0:0:
329,192,65333,1,0,0:0:0:0:
402,192,65333,1,0,0:0:0:0:
475,192,65333,1,0,0:0:0:0:
36,192,65499,1,0,0:0:0:0:
109,192,65499,1,0,0:0:0:0:
182,192,65499,1,0,0:0:0:0:
256,192,65499,1,0,0:0:0:0:
329,192,65499,1,0,0:0:0:0:
36,192,65666,1,0,0:0:0:0:
109,192,65666,1,0,0:0:0:0:
182,192,65666,1,0,0:0:0:0:
256,192,65666,1,0,0:0:0:0:
329,192,65666,1,0,0:0:0:0:
36,192,65833,1,0,0:0:0:0:
109,192,65833,1,0,0:0:0:0:
182,192,65833,1,0,0:0:0:0:
256,192,65833,1,0,0:0:0:0:
329,192,65833,1,0,0:0:0:0:
36,192,65999,1,0,0:0:0:0:
109,192,65999,1,0,0:0:0:0:
36,192,66166,1,0,0:0:0:0:
109,192,66166,1,0,0:0:0:0:
182,192,66166,1,0,0:0:0:0:
256,192,66166,1,0,0:0:0:0:
329,192,66166,1,0,0:0:0:0:
402,192,66166,1,0,0:0:0:0:
36,192,66333,1,0,0:0:0:0:
109,192,66333,1,0,0:0:0:0:
182,192,66333,1,0,0:0:0:0:
36,192,66499,1,0,0:0:0:0:
109,192,66499,1,0,0:0:0:0:
256,192,66499,1,0,0:0:0:0:
329,192,66499,1,0,0:0:0:0:
402,192,66499,1,0,0:0:0:0:
36,192,66666,1,0,0:0:0:0:
109,192,66666,1,0,0:0:0:0:
36,192,66833,1,0,0:0:0:0:
109,192,66833,1,0,0:0:0:0:
256,192,66833,1,0,0:0:0:0:
329,192,66833,1,0,0:0:0:0:
402,192,66833,1,0,0:0:0:0:
36,192,66999,1,0,0:0:0:0:
109,192,66999,1,0,0:0:0:0:
36,192,67166,1,0,0:0:0:0:
109,192,67166,1,0,0:0:0:0:
256,192,67166,1,0,0:0:0:0:
329,192,67166,1,0,0:0:0:0:
402,192,67166,1,0,0:0:0:0:
36,192,67333,1,0,0:0:0:0:
109,192,67333,1,0,0:0:0:0:
36,192,67499,1,0,0:0:0:0:
109,192,67499,1,0,0:0:0:0:
256,192,67499,1,0,0:0:0:0:
329,192,67499,1,0,0:0:0:0:
402,192,67499,1,0,0:0:0:0:
36,192,67666,1,0,0:0:0:0:
109,192,67666,1,0,0:0:0:0:
36,192,67833,1,0,0:0:0:0:
109,192,67833,1,0,0:0:0:0:
36,192,67999,1,0,0:0:0:0:
109,192,67999,1,0,0:0:0:0:
256,192,67999,1,0,0:0:0:0:
329,192,67999,1,0,0:0:0:0:
402,192,67999,1,0,0:0:0:0:
475,192,67999,1,0,0:0:0:0:
36,192,68166,1,0,0:0:0:0:
109,192,68166,1,0,0:0:0:0:
256,192,68166,1,0,0:0:0:0:
329,192,68166,1,0,0:0:0:0:
36,192,68333,1,0,0:0:0:0:
109,192,68333,1,0,0:0:0:0:
256,192,68333,1,0,0:0:0:0:
329,192,68333,1,0,0:0:0:0:
36,192,68499,1,0,0:0:0:0:
109,192,68499,1,0,0:0:0:0:
256,192,68499,1,0,0:0:0:0:
329,192,68499,1,0,0:0:0:0:
36,192,68666,1,0,0:0:0:0:
109,192,68666,1,0,0:0:0:0:
36,192,68833,1,0,0:0:0:0:
109,192,68833,1,0,0:0:0:0:
256,192,68833,1,0,0:0:0:0:
329,192,68833,1,0,0:0:0:0:
402,192,68833,1,0,0:0:0:0:
36,192,68999,1,0,0:0:0:0:
109,192,68999,1,0,0:0:0:0:
256,192,68999,1,0,0:0:0:0:
329,192,68999,1,0,0:0:0:0:
402,192,68999,1,0,0:0:0:0:
36,192,69166,1,0,0:0:0:0:
109,192,69166,1,0,0:0:0:0:
36,192,69333,1,0,0:0:0:0:
109,192,69333,1,0,0:0:0:0:
182,192,69333,1,0,0:0:0:0:
256,192,69333,1,0,0:0:0:0:
329,192,69333,1,0,0:0:0:0:
402,192,69333,1,0,0:0:0:0:
36,192,69499,1,0,0:0:0:0:
109,192,69499,1,0,0:0:0:0:
182,192,69499,1,0,0:0:0:0:
36,192,69666,1,0,0:0:0:0:
109,192,69666,1,0,0:0:0:0:
182,192,69666,1,0,0:0:0:0:
256,192,69666,1,0,0:0:0:0:
329,192,69666,1,0,0:0:0:0:
402,192,69666,1,0,0:0:0:0:
36,192,69833,1,0,0:0:0:0:
109,192,69833,1,0,0:0:0:0:
182,192,69833,1,0,0:0:0:0:
36,192,69999,1,0,0:0:0:0:
109,192,69999,1,0,0:0:0:0:
256,192,69999,1,0,0:0:0:0:
329,192,69999,1,0,0:0:0:0:
402,192,69999,1,0,0:0:0:0:
36,192,70166,1,0,0:0:0:0:
109,192,70166,1,0,0:0:0:0:
182,192,70166,1,0,0:0:0:0:
36,192,70333,1,0,0:0:0:0:
109,192,70333,1,0,0:0:0:0:
182,192,70333,1,0,0:0:0:0:
36,192,70499,1,0,0:0:0:0:
109,192,70499,1,0,0:0:0:0:
36,192,70666,1,0,0:0:0:0:
109,192,70666,1,0,0:0:0:0:
182,192,70666,1,0,0:0:0:0:
256,192,70666,1,0,0:0:0:0:
329,192,70666,1,0,0:0:0:0:
402,192,70666,1,0,0:0:0:0:
475,192,70666,1,0,0:0:0:0:
36,192,70833,1,0,0:0:0:0:
109,192,70833,1,0,0:0:0:0:
182,192,70833,1,0,0:0:0:0:
256,192,70833,1,0,0:0:0:0:
329,192,70833,1,0,0:0:0:0:
36,192,70999,1,0,0:0:0:0:
109,192,70999,1,0,0:0:0:0:
182,192,70999,1,0,0:0:0:0:
256,192,70999,1,0,0:0:0:0:
329,192,70999,1,0,0:0:0:0:
36,192,71166,1,0,0:0:0:0:
109,192,71166,1,0,0:0:0:0:
182,192,71166,1,0,0:0:0:0:
256,192,71166,1,0,0:0:0:0:
329,192,71166,1,0,0:0:0:0:
36,192,71333,1,0,0:0:0:0:
109,192,71333,1,0,0:0:0:0:
36,192,71499,1,0,0:0:0:0:
109,192,71499,1,0,0:0:0:0:
182,192,71499,1,0,0:0:0:0:
256,192,71499,1,0,0:0:0:0:
329,192,71499,1,0,0:0:0:0:
402,192,71499,1,0,0:0:0:0:
475,192,71499,1,0,0:0:0:0:
36,192,71666,1,0,0:0:0:0:
109,192,71666,1,0,0:0:0:0:
182,192,71666,1,0,0:0:0:0:
36,192,71833,1,0,0:0:0:0:
109,192,71833,1,0,0:0:0:0:
256,192,71833,1,0,0:0:0:0:
329,192,71833,1,0,0:0:0:0:
402,192,71833,1,0,0:0:0:0:
36,192,71999,1,0,0:0:0:0:
109,192,71999,1,0,0:0:0:0:
36,192,72166,1,0,0:0:0:0:
109,192,72166,1,0,0:0:0:0:
256,192,72166,1,0,0:0:0:0:
329,192,72166,1,0,0:0:0:0:
402,192,72166,1,0,0:0:0:0:
36,192,72333,1,0,0:0:0:0:
109,192,72333,1,0,0:0:0:0:
256,192,72333,1,0,0:0:0:0:
329,192,72333,1,0,0:0:0:0:
402,192,72333,1,0,0:0:0:0:
36,192,72499,1,0,0:0:0:0:
109,192,72499,1,0,0:0:0:0:
256,192,72499,1,0,0:0:0:0:
329,192,72499,1,0,0:0:0:0:
402,192,72499,1,0,0:0:0:0:
36,192,72666,1,0,0:0:0:0:
109,192,72666,1,0,0:0:0:0:
36,192,72833,1,0,0:0:0:0:
109,192,72833,1,0,0:0:0:0:
256,192,72833,1,0,0:0:0:0:
329,192,72833,1,0,0:0:0:0:
402,192,72833,1,0,0:0:0:0:
36,192,72999,1,0,0:0:0:0:
109,192,72999,1,0,0:0:0:0:
36,192,73166,1,0,0:0:0:0:
109,192,73166,1,0,0:0:0:0:
36,192,73333,1,0,0:0:0:0:
109,192,73333,1,0,0:0:0:0:
256,192,73333,1,0,0:0:0:0:
402,192,73333,1,0,0:0:0:0:
475,192,73333,1,0,0:0:0:0:
329,192,73333,1,0,0:0:0:0:
36,192,73499,1,0,0:0:0:0:
109,192,73499,1,0,0:0:0:0:
256,192,73499,1,0,0:0:0:0:
329,192,73499,1,0,0:0:0:0:
36,192,73666,1,0,0:0:0:0:
109,192,73666,1,0,0:0:0:0:
256,192,73666,1,0,0:0:0:0:
329,192,73666,1,0,0:0:0:0:
36,192,73833,1,0,0:0:0:0:
109,192,73833,1,0,0:0:0:0:
182,192,73833,1,0,0:0:0:0:
256,192,73833,1,0,0:0:0:0:
329,192,73833,1,0,0:0:0:0:
36,192,73999,1,0,0:0:0:0:
109,192,73999,1,0,0:0:0:0:
36,192,74166,1,0,0:0:0:0:
109,192,74166,1,0,0:0:0:0:
182,192,74166,1,0,0:0:0:0:
256,192,74166,1,0,0:0:0:0:
329,192,74166,1,0,0:0:0:0:
402,192,74166,1,0,0:0:0:0:
36,192,74333,1,0,0:0:0:0:
109,192,74333,1,0,0:0:0:0:
182,192,74333,1,0,0:0:0:0:
36,192,74499,1,0,0:0:0:0:
109,192,74499,1,0,0:0:0:0:
256,192,74499,1,0,0:0:0:0:
402,192,74499,1,0,0:0:0:0:
329,192,74499,1,0,0:0:0:0:
36,192,74666,1,0,0:0:0:0:
109,192,74666,1,0,0:0:0:0:
36,192,74833,1,0,0:0:0:0:
109,192,74833,1,0,0:0:0:0:
256,192,74833,1,0,0:0:0:0:
329,192,74833,1,0,0:0:0:0:
36,192,74999,1,0,0:0:0:0:
109,192,74999,1,0,0:0:0:0:
256,192,74999,1,0,0:0:0:0:
329,192,74999,1,0,0:0:0:0:
36,192,75166,1,0,0:0:0:0:
109,192,75166,1,0,0:0:0:0:
256,192,75166,1,0,0:0:0:0:
329,192,75166,1,0,0:0:0:0:
36,192,75333,1,0,0:0:0:0:
109,192,75333,1,0,0:0:0:0:
256,192,75333,1,0,0:0:0:0:
329,192,75333,1,0,0:0:0:0:
36,192,75499,1,0,0:0:0:0:
109,192,75499,1,0,0:0:0:0:
36,192,75666,1,0,0:0:0:0:
109,192,75666,1,0,0:0:0:0:
36,192,75833,1,0,0:0:0:0:
109,192,75833,1,0,0:0:0:0:
36,192,75999,1,0,0:0:0:0:
109,192,75999,1,0,0:0:0:0:
182,192,75999,1,0,0:0:0:0:
256,192,75999,1,0,0:0:0:0:
329,192,75999,1,0,0:0:0:0:
402,192,75999,1,0,0:0:0:0:
475,192,75999,1,0,0:0:0:0:
36,192,76166,1,0,0:0:0:0:
109,192,76166,1,0,0:0:0:0:
182,192,76166,1,0,0:0:0:0:
256,192,76166,1,0,0:0:0:0:
329,192,76166,1,0,0:0:0:0:
36,192,76333,1,0,0:0:0:0:
109,192,76333,1,0,0:0:0:0:
182,192,76333,1,0,0:0:0:0:
256,192,76333,1,0,0:0:0:0:
329,192,76333,1,0,0:0:0:0:
36,192,76499,1,0,0:0:0:0:
109,192,76499,1,0,0:0:0:0:
182,192,76499,1,0,0:0:0:0:
256,192,76499,1,0,0:0:0:0:
329,192,76499,1,0,0:0:0:0:
36,192,76666,1,0,0:0:0:0:
109,192,76666,1,0,0:0:0:0:
36,192,76833,1,0,0:0:0:0:
109,192,76833,1,0,0:0:0:0:
182,192,76833,1,0,0:0:0:0:
256,192,76833,1,0,0:0:0:0:
329,192,76833,1,0,0:0:0:0:
402,192,76833,1,0,0:0:0:0:
36,192,76999,1,0,0:0:0:0:
109,192,76999,1,0,0:0:0:0:
182,192,76999,1,0,0:0:0:0:
36,192,77166,1,0,0:0:0:0:
109,192,77166,1,0,0:0:0:0:
256,192,77166,1,0,0:0:0:0:
329,192,77166,1,0,0:0:0:0:
402,192,77166,1,0,0:0:0:0:
36,192,77333,1,0,0:0:0:0:
109,192,77333,1,0,0:0:0:0:
36,192,77499,1,0,0:0:0:0:
109,192,77499,1,0,0:0:0:0:
256,192,77499,1,0,0:0:0:0:
329,192,77499,1,0,0:0:0:0:
402,192,77499,1,0,0:0:0:0:
36,192,77666,1,0,0:0:0:0:
109,192,77666,1,0,0:0:0:0:
36,192,77833,1,0,0:0:0:0:
109,192,77833,1,0,0:0:0:0:
256,192,77833,1,0,0:0:0:0:
329,192,77833,1,0,0:0:0:0:
402,192,77833,1,0,0:0:0:0:
36,192,77999,1,0,0:0:0:0:
109,192,77999,1,0,0:0:0:0:
36,192,78166,1,0,0:0:0:0:
109,192,78166,1,0,0:0:0:0:
256,192,78166,1,0,0:0:0:0:
329,192,78166,1,0,0:0:0:0:
402,192,78166,1,0,0:0:0:0:
36,192,78333,1,0,0:0:0:0:
109,192,78333,1,0,0:0:0:0:
36,192,78499,1,0,0:0:0:0:
109,192,78499,1,0,0:0:0:0:
36,192,78666,1,0,0:0:0:0:
109,192,78666,1,0,0:0:0:0:
256,192,78666,1,0,0:0:0:0:
329,192,78666,1,0,0:0:0:0:
402,192,78666,1,0,0:0:0:0:
475,192,78666,1,0,0:0:0:0:
36,192,78833,1,0,0:0:0:0:
109,192,78833,1,0,0:0:0:0:
256,192,78833,1,0,0:0:0:0:
329,192,78833,1,0,0:0:0:0:
36,192,78999,1,0,0:0:0:0:
109,192,78999,1,0,0:0:0:0:
256,192,78999,1,0,0:0:0:0:
329,192,78999,1,0,0:0:0:0:
36,192,79166,1,0,0:0:0:0:
109,192,79166,1,0,0:0:0:0:
256,192,79166,1,0,0:0:0:0:
329,192,79166,1,0,0:0:0:0:
36,192,79333,1,0,0:0:0:0:
109,192,79333,1,0,0:0:0:0:
36,192,79499,1,0,0:0:0:0:
109,192,79499,1,0,0:0:0:0:
256,192,79499,1,0,0:0:0:0:
329,192,79499,1,0,0:0:0:0:
402,192,79499,1,0,0:0:0:0:
36,192,79666,1,0,0:0:0:0:
109,192,79666,1,0,0:0:0:0:
256,192,79666,1,0,0:0:0:0:
329,192,79666,1,0,0:0:0:0:
402,192,79666,1,0,0:0:0:0:
36,192,79833,1,0,0:0:0:0:
109,192,79833,1,0,0:0:0:0:
36,192,79999,1,0,0:0:0:0:
109,192,79999,1,0,0:0:0:0:
182,192,79999,1,0,0:0:0:0:
256,192,79999,1,0,0:0:0:0:
329,192,79999,1,0,0:0:0:0:
402,192,79999,1,0,0:0:0:0:
475,192,79999,1,0,0:0:0:0:
36,192,80166,1,0,0:0:0:0:
109,192,80166,1,0,0:0:0:0:
182,192,80166,1,0,0:0:0:0:
36,192,80333,1,0,0:0:0:0:
109,192,80333,1,0,0:0:0:0:
182,192,80333,1,0,0:0:0:0:
256,192,80333,1,0,0:0:0:0:
329,192,80333,1,0,0:0:0:0:
402,192,80333,1,0,0:0:0:0:
475,192,80333,1,0,0:0:0:0:
36,192,80499,1,0,0:0:0:0:
109,192,80499,1,0,0:0:0:0:
182,192,80499,1,0,0:0:0:0:
36,192,80666,1,0,0:0:0:0:
109,192,80666,1,0,0:0:0:0:
256,192,80666,1,0,0:0:0:0:
329,192,80666,1,0,0:0:0:0:
402,192,80666,1,0,0:0:0:0:
475,192,80666,1,0,0:0:0:0:
36,192,80833,1,0,0:0:0:0:
109,192,80833,1,0,0:0:0:0:
182,192,80833,1,0,0:0:0:0:
36,192,80999,1,0,0:0:0:0:
109,192,80999,1,0,0:0:0:0:
182,192,80999,1,0,0:0:0:0:
36,192,81166,1,0,0:0:0:0:
109,192,81166,1,0,0:0:0:0:
36,192,81333,1,0,0:0:0:0:
109,192,81333,1,0,0:0:0:0:
256,192,81333,1,0,0:0:0:0:
329,192,81333,1,0,0:0:0:0:
402,192,81333,1,0,0:0:0:0:
475,192,81333,1,0,0:0:0:0:
36,192,81499,1,0,0:0:0:0:
109,192,81499,1,0,0:0:0:0:
256,192,81499,1,0,0:0:0:0:
329,192,81499,1,0,0:0:0:0:
36,192,81666,1,0,0:0:0:0:
109,192,81666,1,0,0:0:0:0:
256,192,81666,1,0,0:0:0:0:
329,192,81666,1,0,0:0:0:0:
36,192,81833,1,0,0:0:0:0:
109,192,81833,1,0,0:0:0:0:
256,192,81833,1,0,0:0:0:0:
329,192,81833,1,0,0:0:0:0:
36,192,81999,1,0,0:0:0:0:
109,192,81999,1,0,0:0:0:0:
36,192,82166,1,0,0:0:0:0:
109,192,82166,1,0,0:0:0:0:
256,192,82166,1,0,0:0:0:0:
329,192,82166,1,0,0:0:0:0:
402,192,82166,1,0,0:0:0:0:
36,192,82333,1,0,0:0:0:0:
109,192,82333,1,0,0:0:0:0:
36,192,82499,1,0,0:0:0:0:
109,192,82499,1,0,0:0:0:0:
256,192,82499,1,0,0:0:0:0:
329,192,82499,1,0,0:0:0:0:
402,192,82499,1,0,0:0:0:0:
36,192,82666,1,0,0:0:0:0:
109,192,82666,1,0,0:0:0:0:
36,192,82833,1,0,0:0:0:0:
109,192,82833,1,0,0:0:0:0:
256,192,82833,1,0,0:0:0:0:
329,192,82833,1,0,0:0:0:0:
36,192,82999,1,0,0:0:0:0:
109,192,82999,1,0,0:0:0:0:
256,192,82999,1,0,0:0:0:0:
329,192,82999,1,0,0:0:0:0:
36,192,83166,1,0,0:0:0:0:
109,192,83166,1,0,0:0:0:0:
256,192,83166,1,0,0:0:0:0:
329,192,83166,1,0,0:0:0:0:
36,192,83333,1,0,0:0:0:0:
109,192,83333,1,0,0:0:0:0:
36,192,83499,1,0,0:0:0:0:
109,192,83499,1,0,0:0:0:0:
256,192,83499,1,0,0:0:0:0:
329,192,83499,1,0,0:0:0:0:
402,192,83499,1,0,0:0:0:0:
36,192,83666,1,0,0:0:0:0:
109,192,83666,1,0,0:0:0:0:
36,192,83833,1,0,0:0:0:0:
109,192,83833,1,0,0:0:0:0:
36,192,83999,1,0,0:0:0:0:
109,192,83999,1,0,0:0:0:0:
256,192,83999,1,0,0:0:0:0:
329,192,83999,1,0,0:0:0:0:
402,192,83999,1,0,0:0:0:0:
475,192,83999,1,0,0:0:0:0:
36,192,84166,1,0,0:0:0:0:
109,192,84166,1,0,0:0:0:0:
256,192,84166,1,0,0:0:0:0:
329,192,84166,1,0,0:0:0:0:
36,192,84333,1,0,0:0:0:0:
109,192,84333,1,0,0:0:0:0:
256,192,84333,1,0,0:0:0:0:
329,192,84333,1,0,0:0:0:0:
36,192,84499,1,0,0:0:0:0:
109,192,84499,1,0,0:0:0:0:
256,192,84499,1,0,0:0:0:0:
329,192,84499,1,0,0:0:0:0:
36,192,84666,1,0,0:0:0:0:
109,192,84666,1,0,0:0:0:0:
36,192,84833,1,0,0:0:0:0:
109,192,84833,1,0,0:0:0:0:
256,192,84833,1,0,0:0:0:0:
329,192,84833,1,0,0:0:0:0:
36,192,84999,1,0,0:0:0:0:
109,192,84999,1,0,0:0:0:0:
256,192,84999,1,0,0:0:0:0:
329,192,84999,1,0,0:0:0:0:
36,192,85166,1,0,0:0:0:0:
109,192,85166,1,0,0:0:0:0:
182,192,85166,1,0,0:0:0:0:
256,192,85166,1,0,0:0:0:0:
329,192,85166,1,0,0:0:0:0:
36,192,85333,1,0,0:0:0:0:
109,192,85333,1,0,0:0:0:0:
36,192,85499,1,0,0:0:0:0:
109,192,85499,1,0,0:0:0:0:
182,192,85499,1,0,0:0:0:0:
256,192,85499,1,0,0:0:0:0:
329,192,85499,1,0,0:0:0:0:
36,192,85666,1,0,0:0:0:0:
109,192,85666,1,0,0:0:0:0:
182,192,85666,1,0,0:0:0:0:
256,192,85666,1,0,0:0:0:0:
329,192,85666,1,0,0:0:0:0:
36,192,85833,1,0,0:0:0:0:
109,192,85833,1,0,0:0:0:0:
182,192,85833,1,0,0:0:0:0:
256,192,85833,1,0,0:0:0:0:
329,192,85833,1,0,0:0:0:0:
36,192,85999,1,0,0:0:0:0:
109,192,85999,1,0,0:0:0:0:
36,192,86166,1,0,0:0:0:0:
109,192,86166,1,0,0:0:0:0:
182,192,86166,1,0,0:0:0:0:
256,192,86166,1,0,0:0:0:0:
329,192,86166,1,0,0:0:0:0:
402,192,86166,1,0,0:0:0:0:
36,192,86333,1,0,0:0:0:0:
109,192,86333,1,0,0:0:0:0:
182,192,86333,1,0,0:0:0:0:
36,192,86499,1,0,0:0:0:0:
109,192,86499,1,0,0:0:0:0:
36,192,86666,1,0,0:0:0:0:
109,192,86666,1,0,0:0:0:0:
256,192,86666,1,0,0:0:0:0:
329,192,86666,1,0,0:0:0:0:
402,192,86666,1,0,0:0:0:0:
475,192,86666,1,0,0:0:0:0:
36,192,86833,1,0,0:0:0:0:
109,192,86833,1,0,0:0:0:0:
256,192,86833,1,0,0:0:0:0:
329,192,86833,1,0,0:0:0:0:
36,192,86999,1,0,0:0:0:0:
109,192,86999,1,0,0:0:0:0:
256,192,86999,1,0,0:0:0:0:
329,192,86999,1,0,0:0:0:0:
36,192,87166,1,0,0:0:0:0:
109,192,87166,1,0,0:0:0:0:
256,192,87166,1,0,0:0:0:0:
329,192,87166,1,0,0:0:0:0:
36,192,87333,1,0,0:0:0:0:
109,192,87333,1,0,0:0:0:0:
36,192,87499,1,0,0:0:0:0:
109,192,87499,1,0,0:0:0:0:
256,192,87499,1,0,0:0:0:0:
329,192,87499,1,0,0:0:0:0:
402,192,87499,1,0,0:0:0:0:
36,192,87666,1,0,0:0:0:0:
109,192,87666,1,0,0:0:0:0:
36,192,87833,1,0,0:0:0:0:
109,192,87833,1,0,0:0:0:0:
256,192,87833,1,0,0:0:0:0:
329,192,87833,1,0,0:0:0:0:
402,192,87833,1,0,0:0:0:0:
36,192,87999,1,0,0:0:0:0:
109,192,87999,1,0,0:0:0:0:
36,192,88166,1,0,0:0:0:0:
109,192,88166,1,0,0:0:0:0:
256,192,88166,1,0,0:0:0:0:
329,192,88166,1,0,0:0:0:0:
36,192,88333,1,0,0:0:0:0:
109,192,88333,1,0,0:0:0:0:
256,192,88333,1,0,0:0:0:0:
329,192,88333,1,0,0:0:0:0:
36,192,88499,1,0,0:0:0:0:
109,192,88499,1,0,0:0:0:0:
256,192,88499,1,0,0:0:0:0:
329,192,88499,1,0,0:0:0:0:
402,192,88499,1,0,0:0:0:0:
475,192,88499,1,0,0:0:0:0:
36,192,88666,1,0,0:0:0:0:
109,192,88666,1,0,0:0:0:0:
36,192,88833,1,0,0:0:0:0:
109,192,88833,1,0,0:0:0:0:
256,192,88833,1,0,0:0:0:0:
329,192,88833,1,0,0:0:0:0:
475,192,88833,1,0,0:0:0:0:
402,192,88833,1,0,0:0:0:0:
36,192,88999,1,0,0:0:0:0:
109,192,88999,1,0,0:0:0:0:
256,192,88999,1,0,0:0:0:0:
329,192,88999,1,0,0:0:0:0:
36,192,89166,1,0,0:0:0:0:
109,192,89166,1,0,0:0:0:0:
256,192,89166,1,0,0:0:0:0:
329,192,89166,1,0,0:0:0:0:
36,192,89333,1,0,0:0:0:0:
109,192,89333,1,0,0:0:0:0:
256,192,89333,1,0,0:0:0:0:
329,192,89333,1,0,0:0:0:0:
402,192,89333,1,0,0:0:0:0:
475,192,89333,1,0,0:0:0:0:
36,192,89499,1,0,0:0:0:0:
109,192,89499,1,0,0:0:0:0:
256,192,89499,1,0,0:0:0:0:
329,192,89499,1,0,0:0:0:0:
36,192,89666,1,0,0:0:0:0:
109,192,89666,1,0,0:0:0:0:
256,192,89666,1,0,0:0:0:0:
329,192,89666,1,0,0:0:0:0:
36,192,89833,1,0,0:0:0:0:
109,192,89833,1,0,0:0:0:0:
256,192,89833,1,0,0:0:0:0:
329,192,89833,1,0,0:0:0:0:
36,192,89999,1,0,0:0:0:0:
109,192,89999,1,0,0:0:0:0:
36,192,90166,1,0,0:0:0:0:
109,192,90166,1,0,0:0:0:0:
256,192,90166,1,0,0:0:0:0:
329,192,90166,1,0,0:0:0:0:
402,192,90166,1,0,0:0:0:0:
36,192,90333,1,0,0:0:0:0:
109,192,90333,1,0,0:0:0:0:
256,192,90333,1,0,0:0:0:0:
402,192,90333,1,0,0:0:0:0:
329,192,90333,1,0,0:0:0:0:
36,192,90499,1,0,0:0:0:0:
109,192,90499,1,0,0:0:0:0:
36,192,90666,1,0,0:0:0:0:
109,192,90666,1,0,0:0:0:0:
182,192,90666,1,0,0:0:0:0:
256,192,90666,1,0,0:0:0:0:
329,192,90666,1,0,0:0:0:0:
402,192,90666,1,0,0:0:0:0:
36,192,90833,1,0,0:0:0:0:
109,192,90833,1,0,0:0:0:0:
36,192,90999,1,0,0:0:0:0:
109,192,90999,1,0,0:0:0:0:
182,192,90999,1,0,0:0:0:0:
256,192,90999,1,0,0:0:0:0:
329,192,90999,1,0,0:0:0:0:
402,192,90999,1,0,0:0:0:0:
36,192,91166,1,0,0:0:0:0:
109,192,91166,1,0,0:0:0:0:
36,192,91333,1,0,0:0:0:0:
109,192,91333,1,0,0:0:0:0:
182,192,91333,1,0,0:0:0:0:
256,192,91333,1,0,0:0:0:0:
329,192,91333,1,0,0:0:0:0:
402,192,91333,1,0,0:0:0:0:
36,192,91499,1,0,0:0:0:0:
109,192,91499,1,0,0:0:0:0:
36,192,91666,1,0,0:0:0:0:
109,192,91666,1,0,0:0:0:0:
36,192,91833,1,0,0:0:0:0:
109,192,91833,1,0,0:0:0:0:
36,192,91999,1,0,0:0:0:0:
109,192,91999,1,0,0:0:0:0:
256,192,91999,1,0,0:0:0:0:
329,192,91999,1,0,0:0:0:0:
475,192,91999,1,0,0:0:0:0:
402,192,91999,1,0,0:0:0:0:
36,192,92166,1,0,0:0:0:0:
256,192,92166,1,0,0:0:0:0:
329,192,92166,1,0,0:0:0:0:
36,192,92333,1,0,0:0:0:0:
109,192,92333,1,0,0:0:0:0:
256,192,92333,1,0,0:0:0:0:
329,192,92333,1,0,0:0:0:0:
36,192,92499,1,0,0:0:0:0:
256,192,92499,1,0,0:0:0:0:
329,192,92499,1,0,0:0:0:0:
109,192,92666,1,0,0:0:0:0:
36,192,92833,1,0,0:0:0:0:
256,192,92833,1,0,0:0:0:0:
329,192,92833,1,0,0:0:0:0:
36,192,92999,1,0,0:0:0:0:
109,192,92999,1,0,0:0:0:0:
36,192,93166,1,0,0:0:0:0:
256,192,93166,1,0,0:0:0:0:
329,192,93166,1,0,0:0:0:0:
36,192,93333,1,0,0:0:0:0:
109,192,93333,1,0,0:0:0:0:
36,192,93499,1,0,0:0:0:0:
256,192,93499,1,0,0:0:0:0:
329,192,93499,1,0,0:0:0:0:
36,192,93666,1,0,0:0:0:0:
109,192,93666,1,0,0:0:0:0:
256,192,93666,1,0,0:0:0:0:
329,192,93666,1,0,0:0:0:0:
256,192,93833,1,0,0:0:0:0:
329,192,93833,1,0,0:0:0:0:
36,192,93999,1,0,0:0:0:0:
109,192,93999,1,0,0:0:0:0:
36,192,94166,1,0,0:0:0:0:
256,192,94166,1,0,0:0:0:0:
329,192,94166,1,0,0:0:0:0:
36,192,94333,1,0,0:0:0:0:
109,192,94333,1,0,0:0:0:0:
36,192,94499,1,0,0:0:0:0:
36,192,94666,1,0,0:0:0:0:
109,192,94666,1,0,0:0:0:0:
256,192,94666,1,0,0:0:0:0:
329,192,94666,1,0,0:0:0:0:
475,192,94666,1,0,0:0:0:0:
402,192,94666,1,0,0:0:0:0:
36,192,94833,1,0,0:0:0:0:
256,192,94833,1,0,0:0:0:0:
329,192,94833,1,0,0:0:0:0:
36,192,94999,1,0,0:0:0:0:
109,192,94999,1,0,0:0:0:0:
256,192,94999,1,0,0:0:0:0:
329,192,94999,1,0,0:0:0:0:
36,192,95166,1,0,0:0:0:0:
256,192,95166,1,0,0:0:0:0:
329,192,95166,1,0,0:0:0:0:
109,192,95333,1,0,0:0:0:0:
36,192,95499,1,0,0:0:0:0:
256,192,95499,1,0,0:0:0:0:
329,192,95499,1,0,0:0:0:0:
36,192,95666,1,0,0:0:0:0:
109,192,95666,1,0,0:0:0:0:
36,192,95833,1,0,0:0:0:0:
256,192,95833,1,0,0:0:0:0:
329,192,95833,1,0,0:0:0:0:
36,192,95999,1,0,0:0:0:0:
109,192,95999,1,0,0:0:0:0:
36,192,96166,1,0,0:0:0:0:
256,192,96166,1,0,0:0:0:0:
329,192,96166,1,0,0:0:0:0:
36,192,96333,1,0,0:0:0:0:
109,192,96333,1,0,0:0:0:0:
256,192,96333,1,0,0:0:0:0:
329,192,96333,1,0,0:0:0:0:
36,192,96499,1,0,0:0:0:0:
256,192,96499,1,0,0:0:0:0:
329,192,96499,1,0,0:0:0:0:
36,192,96666,1,0,0:0:0:0:
109,192,96666,1,0,0:0:0:0:
256,192,96666,1,0,0:0:0:0:
329,192,96666,1,0,0:0:0:0:
36,192,96833,1,0,0:0:0:0:
36,192,96999,1,0,0:0:0:0:
109,192,96999,1,0,0:0:0:0:
36,192,97166,1,0,0:0:0:0:
36,192,97333,1,0,0:0:0:0:
109,192,97333,1,0,0:0:0:0:
256,192,97333,1,0,0:0:0:0:
329,192,97333,1,0,0:0:0:0:
402,192,97333,1,0,0:0:0:0:
475,192,97333,1,0,0:0:0:0:
36,192,97499,1,0,0:0:0:0:
256,192,97499,1,0,0:0:0:0:
329,192,97499,1,0,0:0:0:0:
36,192,97666,1,0,0:0:0:0:
109,192,97666,1,0,0:0:0:0:
256,192,97666,1,0,0:0:0:0:
329,192,97666,1,0,0:0:0:0:
36,192,97833,1,0,0:0:0:0:
256,192,97833,1,0,0:0:0:0:
329,192,97833,1,0,0:0:0:0:
109,192,97999,1,0,0:0:0:0:
36,192,98166,1,0,0:0:0:0:
256,192,98166,1,0,0:0:0:0:
329,192,98166,1,0,0:0:0:0:
36,192,98333,1,0,0:0:0:0:
109,192,98333,1,0,0:0:0:0:
36,192,98499,1,0,0:0:0:0:
256,192,98499,1,0,0:0:0:0:
329,192,98499,1,0,0:0:0:0:
36,192,98666,1,0,0:0:0:0:
109,192,98666,1,0,0:0:0:0:
36,192,98833,1,0,0:0:0:0:
256,192,98833,1,0,0:0:0:0:
329,192,98833,1,0,0:0:0:0:
36,192,98999,1,0,0:0:0:0:
109,192,98999,1,0,0:0:0:0:
36,192,99166,1,0,0:0:0:0:
256,192,99166,1,0,0:0:0:0:
329,192,99166,1,0,0:0:0:0:
109,192,99333,1,0,0:0:0:0:
36,192,99499,1,0,0:0:0:0:
256,192,99499,1,0,0:0:0:0:
329,192,99499,1,0,0:0:0:0:
36,192,99666,1,0,0:0:0:0:
109,192,99666,1,0,0:0:0:0:
36,192,99833,1,0,0:0:0:0:
36,192,99999,1,0,0:0:0:0:
109,192,99999,1,0,0:0:0:0:
256,192,99999,1,0,0:0:0:0:
329,192,99999,1,0,0:0:0:0:
475,192,99999,1,0,0:0:0:0:
402,192,99999,1,0,0:0:0:0:
36,192,100166,1,0,0:0:0:0:
256,192,100166,1,0,0:0:0:0:
329,192,100166,1,0,0:0:0:0:
36,192,100333,1,0,0:0:0:0:
109,192,100333,1,0,0:0:0:0:
256,192,100333,1,0,0:0:0:0:
36,192,100499,1,0,0:0:0:0:
256,192,100499,1,0,0:0:0:0:
329,192,100499,1,0,0:0:0:0:
109,192,100666,1,0,0:0:0:0:
36,192,100833,1,0,0:0:0:0:
256,192,100833,1,0,0:0:0:0:
329,192,100833,1,0,0:0:0:0:
36,192,100999,1,0,0:0:0:0:
109,192,100999,1,0,0:0:0:0:
256,192,100999,1,0,0:0:0:0:
329,192,100999,1,0,0:0:0:0:
36,192,101166,1,0,0:0:0:0:
36,192,101333,1,0,0:0:0:0:
109,192,101333,1,0,0:0:0:0:
256,192,101333,1,0,0:0:0:0:
329,192,101333,1,0,0:0:0:0:
36,192,101666,1,0,0:0:0:0:
109,192,101666,1,0,0:0:0:0:
256,192,101666,1,0,0:0:0:0:
329,192,101666,1,0,0:0:0:0:
36,192,101999,1,0,0:0:0:0:
109,192,101999,1,0,0:0:0:0:
256,192,101999,1,0,0:0:0:0:
329,192,101999,1,0,0:0:0:0:
36,192,102166,1,0,0:0:0:0:
36,192,102333,1,0,0:0:0:0:
109,192,102333,1,0,0:0:0:0:
36,192,102499,1,0,0:0:0:0:
36,192,102666,1,0,0:0:0:0:
109,192,102666,1,0,0:0:0:0:
182,192,102666,1,0,0:0:0:0:
256,192,102666,1,0,0:0:0:0:
329,192,102666,1,0,0:0:0:0:
402,192,102666,1,0,0:0:0:0:
475,192,102666,1,0,0:0:0:0:
36,192,102833,1,0,0:0:0:0:
109,192,102833,1,0,0:0:0:0:
182,192,102833,1,0,0:0:0:0:
256,192,102833,1,0,0:0:0:0:
329,192,102833,1,0,0:0:0:0:
36,192,102999,1,0,0:0:0:0:
109,192,102999,1,0,0:0:0:0:
182,192,102999,1,0,0:0:0:0:
256,192,102999,1,0,0:0:0:0:
329,192,102999,1,0,0:0:0:0:
36,192,103166,1,0,0:0:0:0:
109,192,103166,1,0,0:0:0:0:
182,192,103166,1,0,0:0:0:0:
256,192,103166,1,0,0:0:0:0:
329,192,103166,1,0,0:0:0:0:
36,192,103333,1,0,0:0:0:0:
109,192,103333,1,0,0:0:0:0:
36,192,103499,1,0,0:0:0:0:
109,192,103499,1,0,0:0:0:0:
182,192,103499,1,0,0:0:0:0:
256,192,103499,1,0,0:0:0:0:
329,192,103499,1,0,0:0:0:0:
402,192,103499,1,0,0:0:0:0:
36,192,103666,1,0,0:0:0:0:
109,192,103666,1,0,0:0:0:0:
182,192,103666,1,0,0:0:0:0:
36,192,103833,1,0,0:0:0:0:
109,192,103833,1,0,0:0:0:0:
256,192,103833,1,0,0:0:0:0:
329,192,103833,1,0,0:0:0:0:
402,192,103833,1,0,0:0:0:0:
36,192,103999,1,0,0:0:0:0:
109,192,103999,1,0,0:0:0:0:
182,192,103999,1,0,0:0:0:0:
36,192,104166,1,0,0:0:0:0:
109,192,104166,1,0,0:0:0:0:
182,192,104166,1,0,0:0:0:0:
256,192,104166,1,0,0:0:0:0:
329,192,104166,1,0,0:0:0:0:
402,192,104166,1,0,0:0:0:0:
36,192,104333,1,0,0:0:0:0:
109,192,104333,1,0,0:0:0:0:
182,192,104333,1,0,0:0:0:0:
256,192,104333,1,0,0:0:0:0:
329,192,104333,1,0,0:0:0:0:
36,192,104499,1,0,0:0:0:0:
109,192,104499,1,0,0:0:0:0:
182,192,104499,1,0,0:0:0:0:
256,192,104499,1,0,0:0:0:0:
329,192,104499,1,0,0:0:0:0:
36,192,104666,1,0,0:0:0:0:
109,192,104666,1,0,0:0:0:0:
36,192,104833,1,0,0:0:0:0:
109,192,104833,1,0,0:0:0:0:
182,192,104833,1,0,0:0:0:0:
256,192,104833,1,0,0:0:0:0:
329,192,104833,1,0,0:0:0:0:
402,192,104833,1,0,0:0:0:0:
36,192,104999,1,0,0:0:0:0:
109,192,104999,1,0,0:0:0:0:
182,192,104999,1,0,0:0:0:0:
36,192,105166,1,0,0:0:0:0:
109,192,105166,1,0,0:0:0:0:
36,192,105333,1,0,0:0:0:0:
109,192,105333,1,0,0:0:0:0:
182,192,105333,1,0,0:0:0:0:
256,192,105333,1,0,0:0:0:0:
329,192,105333,1,0,0:0:0:0:
402,192,105333,1,0,0:0:0:0:
475,192,105333,1,0,0:0:0:0:
36,192,105499,1,0,0:0:0:0:
109,192,105499,1,0,0:0:0:0:
182,192,105499,1,0,0:0:0:0:
256,192,105499,1,0,0:0:0:0:
329,192,105499,1,0,0:0:0:0:
36,192,105666,1,0,0:0:0:0:
109,192,105666,1,0,0:0:0:0:
182,192,105666,1,0,0:0:0:0:
256,192,105666,1,0,0:0:0:0:
329,192,105666,1,0,0:0:0:0:
36,192,105833,1,0,0:0:0:0:
109,192,105833,1,0,0:0:0:0:
182,192,105833,1,0,0:0:0:0:
256,192,105833,1,0,0:0:0:0:
329,192,105833,1,0,0:0:0:0:
36,192,105999,1,0,0:0:0:0:
109,192,105999,1,0,0:0:0:0:
36,192,106166,1,0,0:0:0:0:
109,192,106166,1,0,0:0:0:0:
182,192,106166,1,0,0:0:0:0:
256,192,106166,1,0,0:0:0:0:
329,192,106166,1,0,0:0:0:0:
402,192,106166,1,0,0:0:0:0:
36,192,106333,1,0,0:0:0:0:
109,192,106333,1,0,0:0:0:0:
182,192,106333,1,0,0:0:0:0:
36,192,106499,1,0,0:0:0:0:
109,192,106499,1,0,0:0:0:0:
256,192,106499,1,0,0:0:0:0:
329,192,106499,1,0,0:0:0:0:
402,192,106499,1,0,0:0:0:0:
36,192,106666,1,0,0:0:0:0:
109,192,106666,1,0,0:0:0:0:
36,192,106833,1,0,0:0:0:0:
109,192,106833,1,0,0:0:0:0:
256,192,106833,1,0,0:0:0:0:
329,192,106833,1,0,0:0:0:0:
402,192,106833,1,0,0:0:0:0:
36,192,106999,1,0,0:0:0:0:
109,192,106999,1,0,0:0:0:0:
256,192,106999,1,0,0:0:0:0:
329,192,106999,1,0,0:0:0:0:
36,192,107166,1,0,0:0:0:0:
109,192,107166,1,0,0:0:0:0:
256,192,107166,1,0,0:0:0:0:
329,192,107166,1,0,0:0:0:0:
36,192,107333,1,0,0:0:0:0:
109,192,107333,1,0,0:0:0:0:
256,192,107333,1,0,0:0:0:0:
329,192,107333,1,0,0:0:0:0:
36,192,107499,1,0,0:0:0:0:
109,192,107499,1,0,0:0:0:0:
36,192,107666,1,0,0:0:0:0:
109,192,107666,1,0,0:0:0:0:
36,192,107833,1,0,0:0:0:0:
109,192,107833,1,0,0:0:0:0:
36,192,107999,1,0,0:0:0:0:
109,192,107999,1,0,0:0:0:0:
182,192,107999,1,0,0:0:0:0:
256,192,107999,1,0,0:0:0:0:
329,192,107999,1,0,0:0:0:0:
402,192,107999,1,0,0:0:0:0:
475,192,107999,1,0,0:0:0:0:
36,192,108166,1,0,0:0:0:0:
109,192,108166,1,0,0:0:0:0:
182,192,108166,1,0,0:0:0:0:
256,192,108166,1,0,0:0:0:0:
329,192,108166,1,0,0:0:0:0:
36,192,108333,1,0,0:0:0:0:
109,192,108333,1,0,0:0:0:0:
182,192,108333,1,0,0:0:0:0:
256,192,108333,1,0,0:0:0:0:
329,192,108333,1,0,0:0:0:0:
36,192,108499,1,0,0:0:0:0:
109,192,108499,1,0,0:0:0:0:
182,192,108499,1,0,0:0:0:0:
256,192,108499,1,0,0:0:0:0:
329,192,108499,1,0,0:0:0:0:
36,192,108666,1,0,0:0:0:0:
109,192,108666,1,0,0:0:0:0:
36,192,108833,1,0,0:0:0:0:
109,192,108833,1,0,0:0:0:0:
182,192,108833,1,0,0:0:0:0:
256,192,108833,1,0,0:0:0:0:
329,192,108833,1,0,0:0:0:0:
402,192,108833,1,0,0:0:0:0:
36,192,108999,1,0,0:0:0:0:
109,192,108999,1,0,0:0:0:0:
182,192,108999,1,0,0:0:0:0:
36,192,109166,1,0,0:0:0:0:
109,192,109166,1,0,0:0:0:0:
256,192,109166,1,0,0:0:0:0:
329,192,109166,1,0,0:0:0:0:
402,192,109166,1,0,0:0:0:0:
36,192,109333,1,0,0:0:0:0:
109,192,109333,1,0,0:0:0:0:
182,192,109333,1,0,0:0:0:0:
36,192,109499,1,0,0:0:0:0:
109,192,109499,1,0,0:0:0:0:
182,192,109499,1,0,0:0:0:0:
256,192,109499,1,0,0:0:0:0:
329,192,109499,1,0,0:0:0:0:
402,192,109499,1,0,0:0:0:0:
36,192,109666,1,0,0:0:0:0:
109,192,109666,1,0,0:0:0:0:
182,192,109666,1,0,0:0:0:0:
36,192,109833,1,0,0:0:0:0:
109,192,109833,1,0,0:0:0:0:
182,192,109833,1,0,0:0:0:0:
256,192,109833,1,0,0:0:0:0:
329,192,109833,1,0,0:0:0:0:
402,192,109833,1,0,0:0:0:0:
36,192,109999,1,0,0:0:0:0:
109,192,109999,1,0,0:0:0:0:
36,192,110166,1,0,0:0:0:0:
109,192,110166,1,0,0:0:0:0:
182,192,110166,1,0,0:0:0:0:
256,192,110166,1,0,0:0:0:0:
329,192,110166,1,0,0:0:0:0:
402,192,110166,1,0,0:0:0:0:
36,192,110333,1,0,0:0:0:0:
109,192,110333,1,0,0:0:0:0:
182,192,110333,1,0,0:0:0:0:
36,192,110499,1,0,0:0:0:0:
109,192,110499,1,0,0:0:0:0:
36,192,110666,1,0,0:0:0:0:
109,192,110666,1,0,0:0:0:0:
256,192,110666,1,0,0:0:0:0:
329,192,110666,1,0,0:0:0:0:
402,192,110666,1,0,0:0:0:0:
36,192,110833,1,0,0:0:0:0:
109,192,110833,1,0,0:0:0:0:
256,192,110833,1,0,0:0:0:0:
329,192,110833,1,0,0:0:0:0:
36,192,110999,1,0,0:0:0:0:
109,192,110999,1,0,0:0:0:0:
256,192,110999,1,0,0:0:0:0:
329,192,110999,1,0,0:0:0:0:
36,192,111166,1,0,0:0:0:0:
109,192,111166,1,0,0:0:0:0:
256,192,111166,1,0,0:0:0:0:
329,192,111166,1,0,0:0:0:0:
36,192,111333,1,0,0:0:0:0:
109,192,111333,1,0,0:0:0:0:
36,192,111499,1,0,0:0:0:0:
109,192,111499,1,0,0:0:0:0:
256,192,111499,1,0,0:0:0:0:
329,192,111499,1,0,0:0:0:0:
402,192,111499,1,0,0:0:0:0:
36,192,111666,1,0,0:0:0:0:
109,192,111666,1,0,0:0:0:0:
256,192,111666,1,0,0:0:0:0:
329,192,111666,1,0,0:0:0:0:
402,192,111666,1,0,0:0:0:0:
36,192,111833,1,0,0:0:0:0:
109,192,111833,1,0,0:0:0:0:
36,192,111999,1,0,0:0:0:0:
109,192,111999,1,0,0:0:0:0:
182,192,111999,1,0,0:0:0:0:
256,192,111999,1,0,0:0:0:0:
329,192,111999,1,0,0:0:0:0:
402,192,111999,1,0,0:0:0:0:
475,192,111999,1,0,0:0:0:0:
36,192,112166,1,0,0:0:0:0:
109,192,112166,1,0,0:0:0:0:
36,192,112333,1,0,0:0:0:0:
109,192,112333,1,0,0:0:0:0:
182,192,112333,1,0,0:0:0:0:
256,192,112333,1,0,0:0:0:0:
329,192,112333,1,0,0:0:0:0:
402,192,112333,1,0,0:0:0:0:
475,192,112333,1,0,0:0:0:0:
36,192,112499,1,0,0:0:0:0:
109,192,112499,1,0,0:0:0:0:
36,192,112666,1,0,0:0:0:0:
109,192,112666,1,0,0:0:0:0:
182,192,112666,1,0,0:0:0:0:
256,192,112666,1,0,0:0:0:0:
329,192,112666,1,0,0:0:0:0:
402,192,112666,1,0,0:0:0:0:
475,192,112666,1,0,0:0:0:0:
36,192,112833,1,0,0:0:0:0:
109,192,112833,1,0,0:0:0:0:
36,192,112999,1,0,0:0:0:0:
109,192,112999,1,0,0:0:0:0:
36,192,113166,1,0,0:0:0:0:
109,192,113166,1,0,0:0:0:0:
36,192,113333,1,0,0:0:0:0:
109,192,113333,1,0,0:0:0:0:
256,192,113333,1,0,0:0:0:0:
329,192,113333,1,0,0:0:0:0:
402,192,113333,1,0,0:0:0:0:
475,192,113333,1,0,0:0:0:0:
36,192,113499,1,0,0:0:0:0:
109,192,113499,1,0,0:0:0:0:
256,192,113499,1,0,0:0:0:0:
329,192,113499,1,0,0:0:0:0:
36,192,113666,1,0,0:0:0:0:
109,192,113666,1,0,0:0:0:0:
256,192,113666,1,0,0:0:0:0:
329,192,113666,1,0,0:0:0:0:
36,192,113833,1,0,0:0:0:0:
109,192,113833,1,0,0:0:0:0:
256,192,113833,1,0,0:0:0:0:
329,192,113833,1,0,0:0:0:0:
36,192,113999,1,0,0:0:0:0:
109,192,113999,1,0,0:0:0:0:
36,192,114166,1,0,0:0:0:0:
109,192,114166,1,0,0:0:0:0:
256,192,114166,1,0,0:0:0:0:
329,192,114166,1,0,0:0:0:0:
402,192,114166,1,0,0:0:0:0:
36,192,114333,1,0,0:0:0:0:
109,192,114333,1,0,0:0:0:0:
36,192,114499,1,0,0:0:0:0:
109,192,114499,1,0,0:0:0:0:
182,192,114499,1,0,0:0:0:0:
256,192,114499,1,0,0:0:0:0:
402,192,114499,1,0,0:0:0:0:
329,192,114499,1,0,0:0:0:0:
36,192,114666,1,0,0:0:0:0:
109,192,114666,1,0,0:0:0:0:
36,192,114833,1,0,0:0:0:0:
109,192,114833,1,0,0:0:0:0:
182,192,114833,1,0,0:0:0:0:
256,192,114833,1,0,0:0:0:0:
329,192,114833,1,0,0:0:0:0:
402,192,114833,1,0,0:0:0:0:
36,192,114999,1,0,0:0:0:0:
109,192,114999,1,0,0:0:0:0:
182,192,114999,1,0,0:0:0:0:
256,192,114999,1,0,0:0:0:0:
329,192,114999,1,0,0:0:0:0:
36,192,115166,1,0,0:0:0:0:
109,192,115166,1,0,0:0:0:0:
182,192,115166,1,0,0:0:0:0:
256,192,115166,1,0,0:0:0:0:
329,192,115166,1,0,0:0:0:0:
36,192,115333,1,0,0:0:0:0:
109,192,115333,1,0,0:0:0:0:
36,192,115499,1,0,0:0:0:0:
109,192,115499,1,0,0:0:0:0:
182,192,115499,1,0,0:0:0:0:
256,192,115499,1,0,0:0:0:0:
329,192,115499,1,0,0:0:0:0:
402,192,115499,1,0,0:0:0:0:
36,192,115666,1,0,0:0:0:0:
109,192,115666,1,0,0:0:0:0:
182,192,115666,1,0,0:0:0:0:
36,192,115833,1,0,0:0:0:0:
109,192,115833,1,0,0:0:0:0:
36,192,115999,1,0,0:0:0:0:
109,192,115999,1,0,0:0:0:0:
256,192,115999,1,0,0:0:0:0:
329,192,115999,1,0,0:0:0:0:
402,192,115999,1,0,0:0:0:0:
475,192,115999,1,0,0:0:0:0:
36,192,116166,1,0,0:0:0:0:
109,192,116166,1,0,0:0:0:0:
256,192,116166,1,0,0:0:0:0:
329,192,116166,1,0,0:0:0:0:
36,192,116333,1,0,0:0:0:0:
109,192,116333,1,0,0:0:0:0:
256,192,116333,1,0,0:0:0:0:
329,192,116333,1,0,0:0:0:0:
36,192,116499,1,0,0:0:0:0:
109,192,116499,1,0,0:0:0:0:
256,192,116499,1,0,0:0:0:0:
329,192,116499,1,0,0:0:0:0:
36,192,116666,1,0,0:0:0:0:
109,192,116666,1,0,0:0:0:0:
36,192,116833,1,0,0:0:0:0:
109,192,116833,1,0,0:0:0:0:
256,192,116833,1,0,0:0:0:0:
329,192,116833,1,0,0:0:0:0:
402,192,116833,1,0,0:0:0:0:
36,192,116999,1,0,0:0:0:0:
109,192,116999,1,0,0:0:0:0:
256,192,116999,1,0,0:0:0:0:
329,192,116999,1,0,0:0:0:0:
36,192,117166,1,0,0:0:0:0:
109,192,117166,1,0,0:0:0:0:
182,192,117166,1,0,0:0:0:0:
256,192,117166,1,0,0:0:0:0:
329,192,117166,1,0,0:0:0:0:
36,192,117333,1,0,0:0:0:0:
109,192,117333,1,0,0:0:0:0:
36,192,117499,1,0,0:0:0:0:
109,192,117499,1,0,0:0:0:0:
182,192,117499,1,0,0:0:0:0:
256,192,117499,1,0,0:0:0:0:
329,192,117499,1,0,0:0:0:0:
402,192,117499,1,0,0:0:0:0:
36,192,117666,1,0,0:0:0:0:
109,192,117666,1,0,0:0:0:0:
182,192,117666,1,0,0:0:0:0:
256,192,117666,1,0,0:0:0:0:
329,192,117666,1,0,0:0:0:0:
36,192,117833,1,0,0:0:0:0:
109,192,117833,1,0,0:0:0:0:
182,192,117833,1,0,0:0:0:0:
256,192,117833,1,0,0:0:0:0:
329,192,117833,1,0,0:0:0:0:
36,192,117999,1,0,0:0:0:0:
109,192,117999,1,0,0:0:0:0:
36,192,118166,1,0,0:0:0:0:
109,192,118166,1,0,0:0:0:0:
182,192,118166,1,0,0:0:0:0:
256,192,118166,1,0,0:0:0:0:
329,192,118166,1,0,0:0:0:0:
402,192,118166,1,0,0:0:0:0:
36,192,118333,1,0,0:0:0:0:
109,192,118333,1,0,0:0:0:0:
182,192,118333,1,0,0:0:0:0:
36,192,118499,1,0,0:0:0:0:
109,192,118499,1,0,0:0:0:0:
36,192,118666,1,0,0:0:0:0:
109,192,118666,1,0,0:0:0:0:
256,192,118666,1,0,0:0:0:0:
329,192,118666,1,0,0:0:0:0:
402,192,118666,1,0,0:0:0:0:
475,192,118666,1,0,0:0:0:0:
36,192,118833,1,0,0:0:0:0:
109,192,118833,1,0,0:0:0:0:
256,192,118833,1,0,0:0:0:0:
329,192,118833,1,0,0:0:0:0:
36,192,118999,1,0,0:0:0:0:
109,192,118999,1,0,0:0:0:0:
256,192,118999,1,0,0:0:0:0:
329,192,118999,1,0,0:0:0:0:
36,192,119166,1,0,0:0:0:0:
109,192,119166,1,0,0:0:0:0:
256,192,119166,1,0,0:0:0:0:
329,192,119166,1,0,0:0:0:0:
36,192,119333,1,0,0:0:0:0:
109,192,119333,1,0,0:0:0:0:
36,192,119499,1,0,0:0:0:0:
109,192,119499,1,0,0:0:0:0:
256,192,119499,1,0,0:0:0:0:
329,192,119499,1,0,0:0:0:0:
402,192,119499,1,0,0:0:0:0:
36,192,119666,1,0,0:0:0:0:
109,192,119666,1,0,0:0:0:0:
36,192,119833,1,0,0:0:0:0:
109,192,119833,1,0,0:0:0:0:
182,192,119833,1,0,0:0:0:0:
256,192,119833,1,0,0:0:0:0:
329,192,119833,1,0,0:0:0:0:
402,192,119833,1,0,0:0:0:0:
36,192,119999,1,0,0:0:0:0:
109,192,119999,1,0,0:0:0:0:
36,192,120166,1,0,0:0:0:0:
109,192,120166,1,0,0:0:0:0:
182,192,120166,1,0,0:0:0:0:
256,192,120166,1,0,0:0:0:0:
329,192,120166,1,0,0:0:0:0:
402,192,120166,1,0,0:0:0:0:
36,192,120333,1,0,0:0:0:0:
109,192,120333,1,0,0:0:0:0:
182,192,120333,1,0,0:0:0:0:
256,192,120333,1,0,0:0:0:0:
329,192,120333,1,0,0:0:0:0:
36,192,120499,1,0,0:0:0:0:
109,192,120499,1,0,0:0:0:0:
182,192,120499,1,0,0:0:0:0:
256,192,120499,1,0,0:0:0:0:
329,192,120499,1,0,0:0:0:0:
402,192,120499,1,0,0:0:0:0:
36,192,120666,1,0,0:0:0:0:
109,192,120666,1,0,0:0:0:0:
36,192,120833,1,0,0:0:0:0:
109,192,120833,1,0,0:0:0:0:
182,192,120833,1,0,0:0:0:0:
256,192,120833,1,0,0:0:0:0:
329,192,120833,1,0,0:0:0:0:
402,192,120833,1,0,0:0:0:0:
36,192,120999,1,0,0:0:0:0:
109,192,120999,1,0,0:0:0:0:
182,192,120999,1,0,0:0:0:0:
256,192,120999,1,0,0:0:0:0:
329,192,120999,1,0,0:0:0:0:
36,192,121166,1,0,0:0:0:0:
109,192,121166,1,0,0:0:0:0:
256,192,121166,1,0,0:0:0:0:
329,192,121166,1,0,0:0:0:0:
36,192,121333,1,0,0:0:0:0:
109,192,121333,1,0,0:0:0:0:
256,192,121333,1,0,0:0:0:0:
329,192,121333,1,0,0:0:0:0:
402,192,121333,1,0,0:0:0:0:
475,192,121333,1,0,0:0:0:0:
36,192,121499,1,0,0:0:0:0:
109,192,121499,1,0,0:0:0:0:
256,192,121499,1,0,0:0:0:0:
329,192,121499,1,0,0:0:0:0:
36,192,121666,1,0,0:0:0:0:
109,192,121666,1,0,0:0:0:0:
256,192,121666,1,0,0:0:0:0:
329,192,121666,1,0,0:0:0:0:
36,192,121833,1,0,0:0:0:0:
109,192,121833,1,0,0:0:0:0:
256,192,121833,1,0,0:0:0:0:
329,192,121833,1,0,0:0:0:0:
36,192,121999,1,0,0:0:0:0:
109,192,121999,1,0,0:0:0:0:
36,192,122166,1,0,0:0:0:0:
109,192,122166,1,0,0:0:0:0:
256,192,122166,1,0,0:0:0:0:
329,192,122166,1,0,0:0:0:0:
402,192,122166,1,0,0:0:0:0:
36,192,122333,1,0,0:0:0:0:
109,192,122333,1,0,0:0:0:0:
256,192,122333,1,0,0:0:0:0:
329,192,122333,1,0,0:0:0:0:
402,192,122333,1,0,0:0:0:0:
36,192,122499,1,0,0:0:0:0:
109,192,122499,1,0,0:0:0:0:
36,192,122666,1,0,0:0:0:0:
109,192,122666,1,0,0:0:0:0:
182,192,122666,1,0,0:0:0:0:
256,192,122666,1,0,0:0:0:0:
329,192,122666,1,0,0:0:0:0:
402,192,122666,1,0,0:0:0:0:
475,192,122666,1,0,0:0:0:0:
36,192,122999,1,0,0:0:0:0:
109,192,122999,1,0,0:0:0:0:
182,192,122999,1,0,0:0:0:0:
256,192,122999,1,0,0:0:0:0:
329,192,122999,1,0,0:0:0:0:
402,192,122999,1,0,0:0:0:0:
475,192,122999,1,0,0:0:0:0:
36,192,123333,1,0,0:0:0:0:
109,192,123333,1,0,0:0:0:0:
182,192,123333,1,0,0:0:0:0:
256,192,123333,1,0,0:0:0:0:
329,192,123333,1,0,0:0:0:0:
402,192,123333,1,0,0:0:0:0:
475,192,123333,1,0,0:0:0:0:
36,192,123999,1,0,0:0:0:0:
256,192,123999,1,0,0:0:0:0:
329,192,123999,1,0,0:0:0:0:
402,192,123999,1,0,0:0:0:0:
36,192,124166,1,0,0:0:0:0:
256,192,124166,1,0,0:0:0:0:
36,192,124333,1,0,0:0:0:0:
256,192,124333,1,0,0:0:0:0:
36,192,124499,1,0,0:0:0:0:
256,192,124499,1,0,0:0:0:0:
36,192,124666,1,0,0:0:0:0:
256,192,124666,1,0,0:0:0:0:
36,192,124833,1,0,0:0:0:0:
256,192,124833,1,0,0:0:0:0:
36,192,124999,1,0,0:0:0:0:
256,192,124999,1,0,0:0:0:0:
36,192,125166,1,0,0:0:0:0:
256,192,125166,1,0,0:0:0:0:
36,192,125333,1,0,0:0:0:0:
256,192,125333,1,0,0:0:0:0:
36,192,125499,1,0,0:0:0:0:
256,192,125499,1,0,0:0:0:0:
36,192,125666,1,0,0:0:0:0:
256,192,125666,1,0,0:0:0:0:
36,192,125833,1,0,0:0:0:0:
256,192,125833,1,0,0:0:0:0:
36,192,125999,1,0,0:0:0:0:
256,192,125999,1,0,0:0:0:0:
36,192,126166,1,0,0:0:0:0:
256,192,126166,1,0,0:0:0:0:
36,192,126333,1,0,0:0:0:0:
256,192,126333,1,0,0:0:0:0:
36,192,126499,1,0,0:0:0:0:
256,192,126499,1,0,0:0:0:0:
36,192,126666,1,0,0:0:0:0:
256,192,126666,1,0,0:0:0:0:
329,192,126666,1,0,0:0:0:0:
402,192,126666,1,0,0:0:0:0:
36,192,126833,1,0,0:0:0:0:
256,192,126833,1,0,0:0:0:0:
36,192,126999,1,0,0:0:0:0:
256,192,126999,1,0,0:0:0:0:
36,192,127166,1,0,0:0:0:0:
256,192,127166,1,0,0:0:0:0:
36,192,127333,1,0,0:0:0:0:
256,192,127333,1,0,0:0:0:0:
36,192,127499,1,0,0:0:0:0:
256,192,127499,1,0,0:0:0:0:
36,192,127666,1,0,0:0:0:0:
256,192,127666,1,0,0:0:0:0:
36,192,127833,1,0,0:0:0:0:
256,192,127833,1,0,0:0:0:0:
36,192,127999,1,0,0:0:0:0:
256,192,127999,1,0,0:0:0:0:
36,192,128166,1,0,0:0:0:0:
256,192,128166,1,0,0:0:0:0:
36,192,128333,1,0,0:0:0:0:
256,192,128333,1,0,0:0:0:0:
36,192,128499,1,0,0:0:0:0:
256,192,128499,1,0,0:0:0:0:
36,192,128666,1,0,0:0:0:0:
256,192,128666,1,0,0:0:0:0:
36,192,128833,1,0,0:0:0:0:
256,192,128833,1,0,0:0:0:0:
36,192,128999,1,0,0:0:0:0:
256,192,128999,1,0,0:0:0:0:
36,192,129166,1,0,0:0:0:0:
256,192,129166,1,0,0:0:0:0:
36,192,129333,1,0,0:0:0:0:
256,192,129333,1,0,0:0:0:0:
329,192,129333,1,0,0:0:0:0:
402,192,129333,1,0,0:0:0:0:
36,192,129499,1,0,0:0:0:0:
256,192,129499,1,0,0:0:0:0:
36,192,129666,1,0,0:0:0:0:
256,192,129666,1,0,0:0:0:0:
36,192,129833,1,0,0:0:0:0:
256,192,129833,1,0,0:0:0:0:
36,192,129999,1,0,0:0:0:0:
256,192,129999,1,0,0:0:0:0:
36,192,130166,1,0,0:0:0:0:
256,192,130166,1,0,0:0:0:0:
36,192,130333,1,0,0:0:0:0:
256,192,130333,1,0,0:0:0:0:
36,192,130499,1,0,0:0:0:0:
256,192,130499,1,0,0:0:0:0:
36,192,130666,1,0,0:0:0:0:
256,192,130666,1,0,0:0:0:0:
36,192,130833,1,0,0:0:0:0:
256,192,130833,1,0,0:0:0:0:
36,192,130999,1,0,0:0:0:0:
256,192,130999,1,0,0:0:0:0:
36,192,131166,1,0,0:0:0:0:
256,192,131166,1,0,0:0:0:0:
36,192,131333,1,0,0:0:0:0:
256,192,131333,1,0,0:0:0:0:
36,192,131499,1,0,0:0:0:0:
256,192,131499,1,0,0:0:0:0:
36,192,131666,1,0,0:0:0:0:
256,192,131666,1,0,0:0:0:0:
36,192,131833,1,0,0:0:0:0:
256,192,131833,1,0,0:0:0:0:
36,192,131999,1,0,0:0:0:0:
256,192,131999,1,0,0:0:0:0:
329,192,131999,1,0,0:0:0:0:
402,192,131999,1,0,0:0:0:0:
36,192,132166,1,0,0:0:0:0:
256,192,132166,1,0,0:0:0:0:
36,192,132333,1,0,0:0:0:0:
256,192,132333,1,0,0:0:0:0:
36,192,132499,1,0,0:0:0:0:
256,192,132499,1,0,0:0:0:0:
36,192,132666,1,0,0:0:0:0:
256,192,132666,1,0,0:0:0:0:
36,192,132833,1,0,0:0:0:0:
256,192,132833,1,0,0:0:0:0:
36,192,132999,1,0,0:0:0:0:
256,192,132999,1,0,0:0:0:0:
36,192,133166,1,0,0:0:0:0:
256,192,133166,1,0,0:0:0:0:
36,192,133333,1,0,0:0:0:0:
256,192,133333,1,0,0:0:0:0:
36,192,133499,1,0,0:0:0:0:
256,192,133499,1,0,0:0:0:0:
36,192,133666,1,0,0:0:0:0:
256,192,133666,1,0,0:0:0:0:
36,192,133833,1,0,0:0:0:0:
256,192,133833,1,0,0:0:0:0:
36,192,133999,1,0,0:0:0:0:
256,192,133999,1,0,0:0:0:0:
36,192,134166,1,0,0:0:0:0:
256,192,134166,1,0,0:0:0:0:
36,192,134333,1,0,0:0:0:0:
256,192,134333,1,0,0:0:0:0:
36,192,134499,1,0,0:0:0:0:
256,192,134499,1,0,0:0:0:0:
36,192,134666,1,0,0:0:0:0:
256,192,134666,1,0,0:0:0:0:
329,192,134666,1,0,0:0:0:0:
402,192,134666,1,0,0:0:0:0:
475,192,134666,1,0,0:0:0:0: