36,192,2182,5,0,0:0:0:0:
109,192,2182,1,0,0:0:0:0:
182,192,2182,1,0,0:0:0:0:
256,192,2182,1,0,0:0:0:0:
329,192,2182,1,0,0:0:0:0:
402,192,2182,1,0,0:0:0:0:
36,192,2454,1,0,0:0:0:0:
109,192,2454,1,0,0:0:0:0:
36,192,2727,1,0,0:0:0:0:
109,192,2727,1,0,0:0:0:0:
182,192,2727,1,0,0:0:0:0:
256,192,2727,1,0,0:0:0:0:
329,192,2727,1,0,0:0:0:0:
402,192,2727,1,0,0:0:0:0:
36,192,3000,1,0,0:0:0:0:
109,192,3000,1,0,0:0:0:0:
36,192,3272,1,0,0:0:0:0:
182,192,3272,1,0,0:0:0:0:
256,192,3272,1,0,0:0:0:0:
329,192,3272,1,0,0:0:0:0:
36,192,3545,1,0,0:0:0:0:
109,192,3545,1,0,0:0:0:0:
182,192,3545,1,0,0:0:0:0:
329,192,3545,1,0,0:0:0:0:
256,192,3545,1,0,0:0:0:0:
36,192,3818,1,0,0:0:0:0:
109,192,3818,1,0,0:0:0:0:
182,192,3818,1,0,0:0:0:0:
256,192,3818,1,0,0:0:0:0:
329,192,3818,1,0,0:0:0:0:
36,192,4091,1,0,0:0:0:0:
109,192,4091,1,0,0:0:0:0:
182,192,4091,1,0,0:0:0:0:
329,192,4091,1,0,0:0:0:0:
256,192,4091,1,0,0:0:0:0:
36,192,4363,1,0,0:0:0:0:
109,192,4363,1,0,0:0:0:0:
182,192,4363,1,0,0:0:0:0:
256,192,4363,1,0,0:0:0:0:
402,192,4363,1,0,0:0:0:0:
329,192,4363,1,0,0:0:0:0:
36,192,4636,1,0,0:0:0:0:
109,192,4636,1,0,0:0:0:0:
36,192,4909,1,0,0:0:0:0:
109,192,4909,1,0,0:0:0:0:
182,192,4909,1,0,0:0:0:0:
256,192,4909,1,0,0:0:0:0:
329,192,4909,1,0,0:0:0:0:
402,192,4909,1,0,0:0:0:0:
36,192,5182,1,0,0:0:0:0:
109,192,5182,1,0,0:0:0:0:
36,192,5454,1,0,0:0:0:0:
182,192,5454,1,0,0:0:0:0:
329,192,5454,1,0,0:0:0:0:
256,192,5454,1,0,0:0:0:0:
36,192,5727,1,0,0:0:0:0:
109,192,5727,1,0,0:0:0:0:
182,192,5727,1,0,0:0:0:0:
256,192,5727,1,0,0:0:0:0:
329,192,5727,1,0,0:0:0:0:
36,192,6000,1,0,0:0:0:0:
109,192,6000,1,0,0:0:0:0:
182,192,6000,1,0,0:0:0:0:
256,192,6000,1,0,0:0:0:0:
329,192,6000,1,0,0:0:0:0:
36,192,6272,1,0,0:0:0:0:
109,192,6272,1,0,0:0:0:0:
182,192,6272,1,0,0:0:0:0:
256,192,6272,1,0,0:0:0:0:
329,192,6272,1,0,0:0:0:0:
36,192,6545,1,0,0:0:0:0:
109,192,6545,1,0,0:0:0:0:
182,192,6545,1,0,0:0:0:0:
256,192,6545,1,0,0:0:0:0:
329,192,6545,1,0,0:0:0:0:
402,192,6545,1,0,0:0:0:0:
36,192,6818,1,0,0:0:0:0:
109,192,6818,1,0,0:0:0:0:
36,192,7091,1,0,0:0:0:0:
109,192,7091,1,0,0:0:0:0:
182,192,7091,1,0,0:0:0:0:
402,192,7091,1,0,0:0:0:0:
329,192,7091,1,0,0:0:0:0:
256,192,7091,1,0,0:0:0:0:
36,192,7363,1,0,0:0:0:0:
109,192,7363,1,0,0:0:0:0:
36,192,7636,1,0,0:0:0:0:
182,192,7636,1,0,0:0:0:0:
256,192,7636,1,0,0:0:0:0:
329,192,7636,1,0,0:0:0:0:
36,192,7909,1,0,0:0:0:0:
109,192,7909,1,0,0:0:0:0:
182,192,7909,1,0,0:0:0:0:
329,192,7909,1,0,0:0:0:0:
256,192,7909,1,0,0:0:0:0:
36,192,8182,1,0,0:0:0:0:
109,192,8182,1,0,0:0:0:0:
182,192,8182,1,0,0:0:0:0:
256,192,8182,1,0,0:0:0:0:
329,192,8182,1,0,0:0:0:0:
36,192,8454,1,0,0:0:0:0:
109,192,8454,1,0,0:0:0:0:
182,192,8454,1,0,0:0:0:0:
329,192,8454,1,0,0:0:0:0:
256,192,8454,1,0,0:0:0:0:
36,192,8727,1,0,0:0:0:0:
109,192,8727,1,0,0:0:0:0:
182,192,8727,1,0,0:0:0:0:
256,192,8727,1,0,0:0:0:0:
329,192,8727,1,0,0:0:0:0:
402,192,8727,1,0,0:0:0:0:
36,192,9000,1,0,0:0:0:0:
109,192,9000,1,0,0:0:0:0:
36,192,9272,1,0,0:0:0:0:
109,192,9272,1,0,0:0:0:0:
182,192,9272,1,0,0:0:0:0:
402,192,9272,1,0,0:0:0:0:
329,192,9272,1,0,0:0:0:0:
256,192,9272,1,0,0:0:0:0:
36,192,9545,1,0,0:0:0:0:
109,192,9545,1,0,0:0:0:0:
36,192,9818,1,0,0:0:0:0:
182,192,9818,1,0,0:0:0:0:
256,192,9818,1,0,0:0:0:0:
329,192,9818,1,0,0:0:0:0:
36,192,10091,1,0,0:0:0:0:
109,192,10091,1,0,0:0:0:0:
182,192,10091,1,0,0:0:0:0:
329,192,10091,1,0,0:0:0:0:
256,192,10091,1,0,0:0:0:0:
36,192,10363,1,0,0:0:0:0:
109,192,10363,1,0,0:0:0:0:
182,192,10363,1,0,0:0:0:0:
256,192,10363,1,0,0:0:0:0:
329,192,10363,1,0,0:0:0:0:
36,192,10636,1,0,0:0:0:0:
109,192,10636,1,0,0:0:0:0:
182,192,10636,1,0,0:0:0:0:
329,192,10636,1,0,0:0:0:0:
256,192,10636,1,0,0:0:0:0:
36,192,10909,1,0,0:0:0:0:
109,192,10909,1,0,0:0:0:0:
182,192,10909,1,0,0:0:0:0:
256,192,10909,1,0,0:0:0:0:
329,192,10909,1,0,0:0:0:0:
402,192,10909,1,0,0:0:0:0:
36,192,11182,1,0,0:0:0:0:
109,192,11182,1,0,0:0:0:0:
36,192,11454,1,0,0:0:0:0:
109,192,11454,1,0,0:0:0:0:
182,192,11454,1,0,0:0:0:0:
402,192,11454,1,0,0:0:0:0:
329,192,11454,1,0,0:0:0:0:
256,192,11454,1,0,0:0:0:0:
36,192,11727,1,0,0:0:0:0:
109,192,11727,1,0,0:0:0:0:
36,192,12000,1,0,0:0:0:0:
182,192,12000,1,0,0:0:0:0:
256,192,12000,1,0,0:0:0:0:
329,192,12000,1,0,0:0:0:0:
36,192,12272,1,0,0:0:0:0:
109,192,12272,1,0,0:0:0:0:
182,192,12272,1,0,0:0:0:0:
329,192,12272,1,0,0:0:0:0:
256,192,12272,1,0,0:0:0:0:
36,192,12545,1,0,0:0:0:0:
109,192,12545,1,0,0:0:0:0:
182,192,12545,1,0,0:0:0:0:
256,192,12545,1,0,0:0:0:0:
329,192,12545,1,0,0:0:0:0:
36,192,12818,1,0,0:0:0:0:
109,192,12818,1,0,0:0:0:0:
182,192,12818,1,0,0:0:0:0:
329,192,12818,1,0,0:0:0:0:
256,192,12818,1,0,0:0:0:0:
36,192,13091,1,0,0:0:0:0:
109,192,13091,1,0,0:0:0:0:
182,192,13091,1,0,0:0:0:0:
256,192,13091,1,0,0:0:0:0:
329,192,13091,1,0,0:0:0:0:
402,192,13091,1,0,0:0:0:0:
36,192,13363,1,0,0:0:0:0:
109,192,13363,1,0,0:0:0:0:
36,192,13636,1,0,0:0:0:0:
109,192,13636,1,0,0:0:0:0:
182,192,13636,1,0,0:0:0:0:
256,192,13636,1,0,0:0:0:0:
329,192,13636,1,0,0:0:0:0:
402,192,13636,1,0,0:0:0:0:
36,192,13909,1,0,0:0:0:0:
109,192,13909,1,0,0:0:0:0:
36,192,14182,1,0,0:0:0:0:
182,192,14182,1,0,0:0:0:0:
256,192,14182,1,0,0:0:0:0:
329,192,14182,1,0,0:0:0:0:
36,192,14454,1,0,0:0:0:0:
109,192,14454,1,0,0:0:0:0:
182,192,14454,1,0,0:0:0:0:
256,192,14454,1,0,0:0:0:0:
329,192,14454,1,0,0:0:0:0:
36,192,14727,1,0,0:0:0:0:
109,192,14727,1,0,0:0:0:0:
182,192,14727,1,0,0:0:0:0:
256,192,14727,1,0,0:0:0:0:
329,192,14727,1,0,0:0:0:0:
36,192,15000,1,0,0:0:0:0:
109,192,15000,1,0,0:0:0:0:
182,192,15000,1,0,0:0:0:0:
256,192,15000,1,0,0:0:0:0:
329,192,15000,1,0,0:0:0:0:
36,192,15272,1,0,0:0:0:0:
109,192,15272,1,0,0:0:0:0:
182,192,15272,1,0,0:0:0:0:
329,192,15272,1,0,0:0:0:0:
256,192,15272,1,0,0:0:0:0:
402,192,15272,1,0,0:0:0:0:
36,192,15545,1,0,0:0:0:0:
109,192,15545,1,0,0:0:0:0:
36,192,15818,1,0,0:0:0:0:
109,192,15818,1,0,0:0:0:0:
182,192,15818,1,0,0:0:0:0:
402,192,15818,1,0,0:0:0:0:
256,192,15818,1,0,0:0:0:0:
329,192,15818,1,0,0:0:0:0:
36,192,16091,1,0,0:0:0:0:
109,192,16091,1,0,0:0:0:0:
36,192,16363,1,0,0:0:0:0:
182,192,16363,1,0,0:0:0:0:
256,192,16363,1,0,0:0:0:0:
329,192,16363,1,0,0:0:0:0:
36,192,16636,1,0,0:0:0:0:
109,192,16636,1,0,0:0:0:0:
182,192,16636,1,0,0:0:0:0:
256,192,16636,1,0,0:0:0:0:
329,192,16636,1,0,0:0:0:0:
36,192,16909,1,0,0:0:0:0:
109,192,16909,1,0,0:0:0:0:
182,192,16909,1,0,0:0:0:0:
256,192,16909,1,0,0:0:0:0:
329,192,16909,1,0,0:0:0:0:
36,192,17182,1,0,0:0:0:0:
109,192,17182,1,0,0:0:0:0:
182,192,17182,1,0,0:0:0:0:
256,192,17182,1,0,0:0:0:0:
329,192,17182,1,0,0:0:0:0:
36,192,17454,1,0,0:0:0:0:
109,192,17454,1,0,0:0:0:0:
182,192,17454,1,0,0:0:0:0:
256,192,17454,1,0,0:0:0:0:
329,192,17454,1,0,0:0:0:0:
402,192,17454,1,0,0:0:0:0:
36,192,17727,1,0,0:0:0:0:
109,192,17727,1,0,0:0:0:0:
36,192,18000,1,0,0:0:0:0:
109,192,18000,1,0,0:0:0:0:
182,192,18000,1,0,0:0:0:0:
256,192,18000,1,0,0:0:0:0:
329,192,18000,1,0,0:0:0:0:
402,192,18000,1,0,0:0:0:0:
36,192,18272,1,0,0:0:0:0:
109,192,18272,1,0,0:0:0:0:
36,192,18545,1,0,0:0:0:0:
182,192,18545,1,0,0:0:0:0:
329,192,18545,1,0,0:0:0:0:
256,192,18545,1,0,0:0:0:0:
36,192,18818,1,0,0:0:0:0:
109,192,18818,1,0,0:0:0:0:
182,192,18818,1,0,0:0:0:0:
256,192,18818,1,0,0:0:0:0:
329,192,18818,1,0,0:0:0:0:
36,192,19091,1,0,0:0:0:0:
109,192,19091,1,0,0:0:0:0:
182,192,19091,1,0,0:0:0:0:
256,192,19091,1,0,0:0:0:0:
329,192,19091,1,0,0:0:0:0:
36,192,19363,1,0,0:0:0:0:
109,192,19363,1,0,0:0:0:0:
182,192,19363,1,0,0:0:0:0:
256,192,19363,1,0,0:0:0:0:
329,192,19363,1,0,0:0:0:0:
36,192,19636,1,0,0:0:0:0:
109,192,19636,1,0,0:0:0:0:
182,192,19636,1,0,0:0:0:0:
256,192,19636,1,0,0:0:0:0:
329,192,19636,1,0,0:0:0:0:
402,192,19636,1,0,0:0:0:0:
36,192,19909,1,0,0:0:0:0:
109,192,19909,1,0,0:0:0:0:
36,192,20182,1,0,0:0:0:0:
109,192,20182,1,0,0:0:0:0:
182,192,20182,1,0,0:0:0:0:
256,192,20182,1,0,0:0:0:0:
329,192,20182,1,0,0:0:0:0:
402,192,20182,1,0,0:0:0:0:
36,192,20454,1,0,0:0:0:0:
109,192,20454,1,0,0:0:0:0:
36,192,20727,1,0,0:0:0:0:
182,192,20727,1,0,0:0:0:0:
256,192,20727,1,0,0:0:0:0:
329,192,20727,1,0,0:0:0:0:
402,192,20727,1,0,0:0:0:0:
36,192,21000,1,0,0:0:0:0:
109,192,21000,1,0,0:0:0:0:
182,192,21000,1,0,0:0:0:0:
256,192,21000,1,0,0:0:0:0:
329,192,21000,1,0,0:0:0:0:
36,192,21272,1,0,0:0:0:0:
109,192,21272,1,0,0:0:0:0:
182,192,21272,1,0,0:0:0:0:
329,192,21272,1,0,0:0:0:0:
256,192,21272,1,0,0:0:0:0:
36,192,21545,1,0,0:0:0:0:
109,192,21545,1,0,0:0:0:0:
182,192,21545,1,0,0:0:0:0:
329,192,21545,1,0,0:0:0:0:
256,192,21545,1,0,0:0:0:0:
36,192,21818,1,0,0:0:0:0:
109,192,21818,1,0,0:0:0:0:
182,192,21818,1,0,0:0:0:0:
329,192,21818,1,0,0:0:0:0:
256,192,21818,1,0,0:0:0:0:
36,192,22091,1,0,0:0:0:0:
109,192,22091,1,0,0:0:0:0:
36,192,22363,1,0,0:0:0:0:
109,192,22363,1,0,0:0:0:0:
182,192,22363,1,0,0:0:0:0:
256,192,22363,1,0,0:0:0:0:
329,192,22363,1,0,0:0:0:0:
402,192,22363,1,0,0:0:0:0:
36,192,22636,1,0,0:0:0:0:
109,192,22636,1,0,0:0:0:0:
36,192,22909,1,0,0:0:0:0:
182,192,22909,1,0,0:0:0:0:
256,192,22909,1,0,0:0:0:0:
329,192,22909,1,0,0:0:0:0:
402,192,22909,1,0,0:0:0:0:
36,192,23182,1,0,0:0:0:0:
109,192,23182,1,0,0:0:0:0:
182,192,23182,1,0,0:0:0:0:
256,192,23182,1,0,0:0:0:0:
329,192,23182,1,0,0:0:0:0:
36,192,23454,1,0,0:0:0:0:
109,192,23454,1,0,0:0:0:0:
182,192,23454,1,0,0:0:0:0:
329,192,23454,1,0,0:0:0:0:
256,192,23454,1,0,0:0:0:0:
36,192,23727,1,0,0:0:0:0:
109,192,23727,1,0,0:0:0:0:
182,192,23727,1,0,0:0:0:0:
256,192,23727,1,0,0:0:0:0:
329,192,23727,1,0,0:0:0:0:
36,192,24000,1,0,0:0:0:0:
109,192,24000,1,0,0:0:0:0:
182,192,24000,1,0,0:0:0:0:
329,192,24000,1,0,0:0:0:0:
256,192,24000,1,0,0:0:0:0:
36,192,24272,1,0,0:0:0:0:
109,192,24272,1,0,0:0:0:0:
36,192,24545,1,0,0:0:0:0:
109,192,24545,1,0,0:0:0:0:
182,192,24545,1,0,0:0:0:0:
256,192,24545,1,0,0:0:0:0:
329,192,24545,1,0,0:0:0:0:
402,192,24545,1,0,0:0:0:0:
36,192,24818,1,0,0:0:0:0:
109,192,24818,1,0,0:0:0:0:
36,192,25091,1,0,0:0:0:0:
182,192,25091,1,0,0:0:0:0:
256,192,25091,1,0,0:0:0:0:
329,192,25091,1,0,0:0:0:0:
402,192,25091,1,0,0:0:0:0:
36,192,25363,1,0,0:0:0:0:
109,192,25363,1,0,0:0:0:0:
182,192,25363,1,0,0:0:0:0:
329,192,25363,1,0,0:0:0:0:
256,192,25363,1,0,0:0:0:0:
36,192,25636,1,0,0:0:0:0:
109,192,25636,1,0,0:0:0:0:
182,192,25636,1,0,0:0:0:0:
256,192,25636,1,0,0:0:0:0:
329,192,25636,1,0,0:0:0:0:
402,192,25636,1,0,0:0:0:0:
36,192,25909,1,0,0:0:0:0:
109,192,25909,1,0,0:0:0:0:
182,192,25909,1,0,0:0:0:0:
256,192,25909,1,0,0:0:0:0:
329,192,25909,1,0,0:0:0:0:
402,192,25909,1,0,0:0:0:0:
475,192,25909,1,0,0:0:0:0:
36,192,26182,1,0,0:0:0:0:
109,192,26182,1,0,0:0:0:0:
182,192,26182,1,0,0:0:0:0:
402,192,26182,1,0,0:0:0:0:
329,192,26182,1,0,0:0:0:0:
256,192,26182,1,0,0:0:0:0:
36,192,26454,1,0,0:0:0:0:
109,192,26454,1,0,0:0:0:0:
36,192,26727,1,0,0:0:0:0:
109,192,26727,1,0,0:0:0:0:
182,192,26727,1,0,0:0:0:0:
329,192,26727,1,0,0:0:0:0:
402,192,26727,1,0,0:0:0:0:
256,192,26727,1,0,0:0:0:0:
36,192,27000,1,0,0:0:0:0:
109,192,27000,1,0,0:0:0:0:
36,192,27272,1,0,0:0:0:0:
182,192,27272,1,0,0:0:0:0:
256,192,27272,1,0,0:0:0:0:
329,192,27272,1,0,0:0:0:0:
36,192,27545,1,0,0:0:0:0:
109,192,27545,1,0,0:0:0:0:
182,192,27545,1,0,0:0:0:0:
256,192,27545,1,0,0:0:0:0:
329,192,27545,1,0,0:0:0:0:
36,192,27818,1,0,0:0:0:0:
109,192,27818,1,0,0:0:0:0:
182,192,27818,1,0,0:0:0:0:
256,192,27818,1,0,0:0:0:0:
329,192,27818,1,0,0:0:0:0:
402,192,27818,1,0,0:0:0:0:
36,192,28091,1,0,0:0:0:0:
109,192,28091,1,0,0:0:0:0:
182,192,28091,1,0,0:0:0:0:
475,192,28091,1,0,0:0:0:0:
402,192,28091,1,0,0:0:0:0:
256,192,28091,1,0,0:0:0:0:
329,192,28091,1,0,0:0:0:0:
36,192,28363,1,0,0:0:0:0:
109,192,28363,1,0,0:0:0:0:
182,192,28363,1,0,0:0:0:0:
256,192,28363,1,0,0:0:0:0:
329,192,28363,1,0,0:0:0:0:
402,192,28363,1,0,0:0:0:0:
36,192,28636,1,0,0:0:0:0:
109,192,28636,1,0,0:0:0:0:
36,192,28909,1,0,0:0:0:0:
109,192,28909,1,0,0:0:0:0:
182,192,28909,1,0,0:0:0:0:
256,192,28909,1,0,0:0:0:0:
329,192,28909,1,0,0:0:0:0:
402,192,28909,1,0,0:0:0:0:
36,192,29182,1,0,0:0:0:0:
109,192,29182,1,0,0:0:0:0:
36,192,29454,1,0,0:0:0:0:
182,192,29454,1,0,0:0:0:0:
256,192,29454,1,0,0:0:0:0:
329,192,29454,1,0,0:0:0:0:
402,192,29454,1,0,0:0:0:0:
36,192,29727,1,0,0:0:0:0:
109,192,29727,1,0,0:0:0:0:
182,192,29727,1,0,0:0:0:0:
329,192,29727,1,0,0:0:0:0:
256,192,29727,1,0,0:0:0:0:
36,192,30000,1,0,0:0:0:0:
109,192,30000,1,0,0:0:0:0:
182,192,30000,1,0,0:0:0:0:
256,192,30000,1,0,0:0:0:0:
329,192,30000,1,0,0:0:0:0:
36,192,30272,1,0,0:0:0:0:
109,192,30272,1,0,0:0:0:0:
182,192,30272,1,0,0:0:0:0:
329,192,30272,1,0,0:0:0:0:
256,192,30272,1,0,0:0:0:0:
36,192,30545,1,0,0:0:0:0:
109,192,30545,1,0,0:0:0:0:
182,192,30545,1,0,0:0:0:0:
256,192,30545,1,0,0:0:0:0:
329,192,30545,1,0,0:0:0:0:
36,192,30818,1,0,0:0:0:0:
109,192,30818,1,0,0:0:0:0:
36,192,31091,1,0,0:0:0:0:
109,192,31091,1,0,0:0:0:0:
182,192,31091,1,0,0:0:0:0:
256,192,31091,1,0,0:0:0:0:
329,192,31091,1,0,0:0:0:0:
402,192,31091,1,0,0:0:0:0:
36,192,31363,1,0,0:0:0:0:
109,192,31363,1,0,0:0:0:0:
36,192,31636,1,0,0:0:0:0:
182,192,31636,1,0,0:0:0:0:
256,192,31636,1,0,0:0:0:0:
329,192,31636,1,0,0:0:0:0:
402,192,31636,1,0,0:0:0:0:
36,192,31909,1,0,0:0:0:0:
109,192,31909,1,0,0:0:0:0:
182,192,31909,1,0,0:0:0:0:
256,192,31909,1,0,0:0:0:0:
329,192,31909,1,0,0:0:0:0:
36,192,32182,1,0,0:0:0:0:
109,192,32182,1,0,0:0:0:0:
182,192,32182,1,0,0:0:0:0:
329,192,32182,1,0,0:0:0:0:
256,192,32182,1,0,0:0:0:0:
36,192,32454,1,0,0:0:0:0:
109,192,32454,1,0,0:0:0:0:
182,192,32454,1,0,0:0:0:0:
256,192,32454,1,0,0:0:0:0:
329,192,32454,1,0,0:0:0:0:
36,192,32727,1,0,0:0:0:0:
109,192,32727,1,0,0:0:0:0:
182,192,32727,1,0,0:0:0:0:
329,192,32727,1,0,0:0:0:0:
256,192,32727,1,0,0:0:0:0:
36,192,33000,1,0,0:0:0:0:
109,192,33000,1,0,0:0:0:0:
36,192,33272,1,0,0:0:0:0:
109,192,33272,1,0,0:0:0:0:
182,192,33272,1,0,0:0:0:0:
256,192,33272,1,0,0:0:0:0:
329,192,33272,1,0,0:0:0:0:
402,192,33272,1,0,0:0:0:0:
36,192,33545,1,0,0:0:0:0:
109,192,33545,1,0,0:0:0:0:
36,192,33818,1,0,0:0:0:0:
182,192,33818,1,0,0:0:0:0:
256,192,33818,1,0,0:0:0:0:
329,192,33818,1,0,0:0:0:0:
402,192,33818,1,0,0:0:0:0:
36,192,34091,1,0,0:0:0:0:
109,192,34091,1,0,0:0:0:0:
182,192,34091,1,0,0:0:0:0:
329,192,34091,1,0,0:0:0:0:
256,192,34091,1,0,0:0:0:0:
36,192,34363,1,0,0:0:0:0:
109,192,34363,1,0,0:0:0:0:
182,192,34363,1,0,0:0:0:0:
256,192,34363,1,0,0:0:0:0:
329,192,34363,1,0,0:0:0:0:
402,192,34363,1,0,0:0:0:0:
36,192,34636,1,0,0:0:0:0:
109,192,34636,1,0,0:0:0:0:
182,192,34636,1,0,0:0:0:0:
256,192,34636,1,0,0:0:0:0:
402,192,34636,1,0,0:0:0:0:
329,192,34636,1,0,0:0:0:0:
475,192,34636,1,0,0:0:0:0:
36,192,34909,1,0,0:0:0:0:
109,192,34909,1,0,0:0:0:0:
182,192,34909,1,0,0:0:0:0:
402,192,34909,1,0,0:0:0:0:
329,192,34909,1,0,0:0:0:0:
256,192,34909,1,0,0:0:0:0:
36,192,35182,1,0,0:0:0:0:
109,192,35182,1,0,0:0:0:0:
36,192,35454,1,0,0:0:0:0:
109,192,35454,1,0,0:0:0:0:
182,192,35454,1,0,0:0:0:0:
256,192,35454,1,0,0:0:0:0:
329,192,35454,1,0,0:0:0:0:
36,192,35727,1,0,0:0:0:0:
109,192,35727,1,0,0:0:0:0:
36,192,36000,1,0,0:0:0:0:
182,192,36000,1,0,0:0:0:0:
256,192,36000,1,0,0:0:0:0:
329,192,36000,1,0,0:0:0:0:
36,192,36272,1,0,0:0:0:0:
109,192,36272,1,0,0:0:0:0:
182,192,36272,1,0,0:0:0:0:
256,192,36272,1,0,0:0:0:0:
329,192,36272,1,0,0:0:0:0:
402,192,36272,1,0,0:0:0:0:
36,192,36545,1,0,0:0:0:0:
109,192,36545,1,0,0:0:0:0:
182,192,36545,1,0,0:0:0:0:
475,192,36545,1,0,0:0:0:0:
402,192,36545,1,0,0:0:0:0:
329,192,36545,1,0,0:0:0:0:
256,192,36545,1,0,0:0:0:0:
36,192,36818,1,0,0:0:0:0:
109,192,36818,1,0,0:0:0:0:
182,192,36818,1,0,0:0:0:0:
329,192,36818,1,0,0:0:0:0:
256,192,36818,1,0,0:0:0:0:
36,192,37091,1,0,0:0:0:0:
109,192,37091,1,0,0:0:0:0:
182,192,37091,1,0,0:0:0:0:
256,192,37091,1,0,0:0:0:0:
329,192,37091,1,0,0:0:0:0:
402,192,37091,1,0,0:0:0:0:
36,192,37363,1,0,0:0:0:0:
109,192,37363,1,0,0:0:0:0:
36,192,37636,1,0,0:0:0:0:
109,192,37636,1,0,0:0:0:0:
182,192,37636,1,0,0:0:0:0:
256,192,37636,1,0,0:0:0:0:
329,192,37636,1,0,0:0:0:0:
402,192,37636,1,0,0:0:0:0:
36,192,37909,1,0,0:0:0:0:
109,192,37909,1,0,0:0:0:0:
182,192,37909,1,0,0:0:0:0:
329,192,37909,1,0,0:0:0:0:
256,192,37909,1,0,0:0:0:0:
36,192,38182,1,0,0:0:0:0:
182,192,38182,1,0,0:0:0:0:
256,192,38182,1,0,0:0:0:0:
329,192,38182,1,0,0:0:0:0:
36,192,38454,1,0,0:0:0:0:
109,192,38454,1,0,0:0:0:0:
182,192,38454,1,0,0:0:0:0:
329,192,38454,1,0,0:0:0:0:
256,192,38454,1,0,0:0:0:0:
36,192,38727,1,0,0:0:0:0:
109,192,38727,1,0,0:0:0:0:
182,192,38727,1,0,0:0:0:0:
256,192,38727,1,0,0:0:0:0:
329,192,38727,1,0,0:0:0:0:
402,192,38727,1,0,0:0:0:0:
36,192,39000,1,0,0:0:0:0:
109,192,39000,1,0,0:0:0:0:
182,192,39000,1,0,0:0:0:0:
329,192,39000,1,0,0:0:0:0:
256,192,39000,1,0,0:0:0:0:
36,192,39272,1,0,0:0:0:0:
182,192,39272,1,0,0:0:0:0:
109,192,39272,1,0,0:0:0:0:
256,192,39272,1,0,0:0:0:0:
402,192,39272,1,0,0:0:0:0:
329,192,39272,1,0,0:0:0:0:
36,192,39545,1,0,0:0:0:0:
109,192,39545,1,0,0:0:0:0:
36,192,39818,1,0,0:0:0:0:
182,192,39818,1,0,0:0:0:0:
109,192,39818,1,0,0:0:0:0:
329,192,39818,1,0,0:0:0:0:
256,192,39818,1,0,0:0:0:0:
402,192,39818,1,0,0:0:0:0:
36,192,40091,1,0,0:0:0:0:
182,192,40091,1,0,0:0:0:0:
109,192,40091,1,0,0:0:0:0:
329,192,40091,1,0,0:0:0:0:
256,192,40091,1,0,0:0:0:0:
36,192,40363,1,0,0:0:0:0:
182,192,40363,1,0,0:0:0:0:
256,192,40363,1,0,0:0:0:0:
329,192,40363,1,0,0:0:0:0:
36,192,40636,1,0,0:0:0:0:
182,192,40636,1,0,0:0:0:0:
109,192,40636,1,0,0:0:0:0:
256,192,40636,1,0,0:0:0:0:
329,192,40636,1,0,0:0:0:0:
36,192,40909,1,0,0:0:0:0:
182,192,40909,1,0,0:0:0:0:
109,192,40909,1,0,0:0:0:0:
402,192,40909,1,0,0:0:0:0:
329,192,40909,1,0,0:0:0:0:
256,192,40909,1,0,0:0:0:0:
36,192,41182,1,0,0:0:0:0:
182,192,41182,1,0,0:0:0:0:
109,192,41182,1,0,0:0:0:0:
329,192,41182,1,0,0:0:0:0:
256,192,41182,1,0,0:0:0:0:
36,192,41454,1,0,0:0:0:0:
109,192,41454,1,0,0:0:0:0:
182,192,41454,1,0,0:0:0:0:
329,192,41454,1,0,0:0:0:0:
402,192,41454,1,0,0:0:0:0:
256,192,41454,1,0,0:0:0:0:
36,192,41727,1,0,0:0:0:0:
109,192,41727,1,0,0:0:0:0:
36,192,42000,1,0,0:0:0:0:
109,192,42000,1,0,0:0:0:0:
182,192,42000,1,0,0:0:0:0:
402,192,42000,1,0,0:0:0:0:
256,192,42000,1,0,0:0:0:0:
329,192,42000,1,0,0:0:0:0:
36,192,42272,1,0,0:0:0:0:
109,192,42272,1,0,0:0:0:0:
182,192,42272,1,0,0:0:0:0:
256,192,42272,1,0,0:0:0:0:
329,192,42272,1,0,0:0:0:0:
36,192,42545,1,0,0:0:0:0:
182,192,42545,1,0,0:0:0:0:
329,192,42545,1,0,0:0:0:0:
256,192,42545,1,0,0:0:0:0:
36,192,42818,1,0,0:0:0:0:
109,192,42818,1,0,0:0:0:0:
182,192,42818,1,0,0:0:0:0:
329,192,42818,1,0,0:0:0:0:
256,192,42818,1,0,0:0:0:0:
36,192,43091,1,0,0:0:0:0:
109,192,43091,1,0,0:0:0:0:
182,192,43091,1,0,0:0:0:0:
256,192,43091,1,0,0:0:0:0:
329,192,43091,1,0,0:0:0:0:
402,192,43091,1,0,0:0:0:0:
36,192,43363,1,0,0:0:0:0:
109,192,43363,1,0,0:0:0:0:
182,192,43363,1,0,0:0:0:0:
256,192,43363,1,0,0:0:0:0:
329,192,43363,1,0,0:0:0:0:
36,192,43636,1,0,0:0:0:0:
109,192,43636,1,0,0:0:0:0:
182,192,43636,1,0,0:0:0:0:
256,192,43636,1,0,0:0:0:0:
402,192,43636,1,0,0:0:0:0:
329,192,43636,1,0,0:0:0:0:
36,192,43909,1,0,0:0:0:0:
109,192,43909,1,0,0:0:0:0:
36,192,44182,1,0,0:0:0:0:
109,192,44182,1,0,0:0:0:0:
182,192,44182,1,0,0:0:0:0:
329,192,44182,1,0,0:0:0:0:
256,192,44182,1,0,0:0:0:0:
402,192,44182,1,0,0:0:0:0:
36,192,44454,1,0,0:0:0:0:
109,192,44454,1,0,0:0:0:0:
182,192,44454,1,0,0:0:0:0:
329,192,44454,1,0,0:0:0:0:
256,192,44454,1,0,0:0:0:0:
36,192,44727,1,0,0:0:0:0:
182,192,44727,1,0,0:0:0:0:
256,192,44727,1,0,0:0:0:0:
329,192,44727,1,0,0:0:0:0:
36,192,45000,1,0,0:0:0:0:
109,192,45000,1,0,0:0:0:0:
182,192,45000,1,0,0:0:0:0:
256,192,45000,1,0,0:0:0:0:
329,192,45000,1,0,0:0:0:0:
36,192,45272,1,0,0:0:0:0:
109,192,45272,1,0,0:0:0:0:
182,192,45272,1,0,0:0:0:0:
402,192,45272,1,0,0:0:0:0:
329,192,45272,1,0,0:0:0:0:
256,192,45272,1,0,0:0:0:0:
36,192,45545,1,0,0:0:0:0:
109,192,45545,1,0,0:0:0:0:
182,192,45545,1,0,0:0:0:0:
329,192,45545,1,0,0:0:0:0:
256,192,45545,1,0,0:0:0:0:
36,192,45818,1,0,0:0:0:0:
109,192,45818,1,0,0:0:0:0:
182,192,45818,1,0,0:0:0:0:
329,192,45818,1,0,0:0:0:0:
402,192,45818,1,0,0:0:0:0:
256,192,45818,1,0,0:0:0:0:
36,192,46091,1,0,0:0:0:0:
109,192,46091,1,0,0:0:0:0:
36,192,46363,1,0,0:0:0:0:
109,192,46363,1,0,0:0:0:0:
182,192,46363,1,0,0:0:0:0:
402,192,46363,1,0,0:0:0:0:
256,192,46363,1,0,0:0:0:0:
329,192,46363,1,0,0:0:0:0:
36,192,46636,1,0,0:0:0:0:
109,192,46636,1,0,0:0:0:0:
182,192,46636,1,0,0:0:0:0:
256,192,46636,1,0,0:0:0:0:
329,192,46636,1,0,0:0:0:0:
36,192,46909,1,0,0:0:0:0:
182,192,46909,1,0,0:0:0:0:
329,192,46909,1,0,0:0:0:0:
256,192,46909,1,0,0:0:0:0:
36,192,47182,1,0,0:0:0:0:
109,192,47182,1,0,0:0:0:0:
182,192,47182,1,0,0:0:0:0:
329,192,47182,1,0,0:0:0:0:
256,192,47182,1,0,0:0:0:0:
36,192,47454,1,0,0:0:0:0:
109,192,47454,1,0,0:0:0:0:
182,192,47454,1,0,0:0:0:0:
256,192,47454,1,0,0:0:0:0:
329,192,47454,1,0,0:0:0:0:
402,192,47454,1,0,0:0:0:0:
36,192,47727,1,0,0:0:0:0:
109,192,47727,1,0,0:0:0:0:
182,192,47727,1,0,0:0:0:0:
256,192,47727,1,0,0:0:0:0:
329,192,47727,1,0,0:0:0:0:
36,192,48000,1,0,0:0:0:0:
109,192,48000,1,0,0:0:0:0:
182,192,48000,1,0,0:0:0:0:
256,192,48000,1,0,0:0:0:0:
402,192,48000,1,0,0:0:0:0:
329,192,48000,1,0,0:0:0:0:
36,192,48272,1,0,0:0:0:0:
109,192,48272,1,0,0:0:0:0:
36,192,48545,1,0,0:0:0:0:
109,192,48545,1,0,0:0:0:0:
182,192,48545,1,0,0:0:0:0:
329,192,48545,1,0,0:0:0:0:
256,192,48545,1,0,0:0:0:0:
402,192,48545,1,0,0:0:0:0:
36,192,48818,1,0,0:0:0:0:
109,192,48818,1,0,0:0:0:0:
182,192,48818,1,0,0:0:0:0:
329,192,48818,1,0,0:0:0:0:
256,192,48818,1,0,0:0:0:0:
36,192,49091,1,0,0:0:0:0:
182,192,49091,1,0,0:0:0:0:
256,192,49091,1,0,0:0:0:0:
329,192,49091,1,0,0:0:0:0:
36,192,49363,1,0,0:0:0:0:
109,192,49363,1,0,0:0:0:0:
182,192,49363,1,0,0:0:0:0:
256,192,49363,1,0,0:0:0:0:
329,192,49363,1,0,0:0:0:0:
36,192,49636,1,0,0:0:0:0:
109,192,49636,1,0,0:0:0:0:
182,192,49636,1,0,0:0:0:0:
402,192,49636,1,0,0:0:0:0:
329,192,49636,1,0,0:0:0:0:
256,192,49636,1,0,0:0:0:0:
36,192,49909,1,0,0:0:0:0:
109,192,49909,1,0,0:0:0:0:
182,192,49909,1,0,0:0:0:0:
329,192,49909,1,0,0:0:0:0:
256,192,49909,1,0,0:0:0:0:
36,192,50182,1,0,0:0:0:0:
109,192,50182,1,0,0:0:0:0:
182,192,50182,1,0,0:0:0:0:
329,192,50182,1,0,0:0:0:0:
402,192,50182,1,0,0:0:0:0:
256,192,50182,1,0,0:0:0:0:
36,192,50454,1,0,0:0:0:0:
109,192,50454,1,0,0:0:0:0:
36,192,50727,1,0,0:0:0:0:
109,192,50727,1,0,0:0:0:0:
182,192,50727,1,0,0:0:0:0:
402,192,50727,1,0,0:0:0:0:
256,192,50727,1,0,0:0:0:0:
329,192,50727,1,0,0:0:0:0:
36,192,51000,1,0,0:0:0:0:
109,192,51000,1,0,0:0:0:0:
182,192,51000,1,0,0:0:0:0:
256,192,51000,1,0,0:0:0:0:
329,192,51000,1,0,0:0:0:0:
36,192,51272,1,0,0:0:0:0:
182,192,51272,1,0,0:0:0:0:
329,192,51272,1,0,0:0:0:0:
256,192,51272,1,0,0:0:0:0:
36,192,51545,1,0,0:0:0:0:
109,192,51545,1,0,0:0:0:0:
182,192,51545,1,0,0:0:0:0:
329,192,51545,1,0,0:0:0:0:
256,192,51545,1,0,0:0:0:0:
36,192,51818,1,0,0:0:0:0:
109,192,51818,1,0,0:0:0:0:
182,192,51818,1,0,0:0:0:0:
256,192,51818,1,0,0:0:0:0:
329,192,51818,1,0,0:0:0:0:
402,192,51818,1,0,0:0:0:0:
36,192,52091,1,0,0:0:0:0:
109,192,52091,1,0,0:0:0:0:
182,192,52091,1,0,0:0:0:0:
256,192,52091,1,0,0:0:0:0:
329,192,52091,1,0,0:0:0:0:
36,192,52363,1,0,0:0:0:0:
109,192,52363,1,0,0:0:0:0:
182,192,52363,1,0,0:0:0:0:
256,192,52363,1,0,0:0:0:0:
402,192,52363,1,0,0:0:0:0:
329,192,52363,1,0,0:0:0:0:
36,192,52636,1,0,0:0:0:0:
109,192,52636,1,0,0:0:0:0:
36,192,52909,1,0,0:0:0:0:
109,192,52909,1,0,0:0:0:0:
182,192,52909,1,0,0:0:0:0:
329,192,52909,1,0,0:0:0:0:
256,192,52909,1,0,0:0:0:0:
402,192,52909,1,0,0:0:0:0:
36,192,53182,1,0,0:0:0:0:
109,192,53182,1,0,0:0:0:0:
182,192,53182,1,0,0:0:0:0:
329,192,53182,1,0,0:0:0:0:
256,192,53182,1,0,0:0:0:0:
36,192,53454,1,0,0:0:0:0:
182,192,53454,1,0,0:0:0:0:
256,192,53454,1,0,0:0:0:0:
329,192,53454,1,0,0:0:0:0:
36,192,53727,1,0,0:0:0:0:
109,192,53727,1,0,0:0:0:0:
182,192,53727,1,0,0:0:0:0:
256,192,53727,1,0,0:0:0:0:
329,192,53727,1,0,0:0:0:0:
36,192,54000,1,0,0:0:0:0:
109,192,54000,1,0,0:0:0:0:
182,192,54000,1,0,0:0:0:0:
402,192,54000,1,0,0:0:0:0:
329,192,54000,1,0,0:0:0:0:
256,192,54000,1,0,0:0:0:0:
36,192,54272,1,0,0:0:0:0:
109,192,54272,1,0,0:0:0:0:
182,192,54272,1,0,0:0:0:0:
329,192,54272,1,0,0:0:0:0:
256,192,54272,1,0,0:0:0:0:
36,192,54545,1,0,0:0:0:0:
109,192,54545,1,0,0:0:0:0:
182,192,54545,1,0,0:0:0:0:
256,192,54545,1,0,0:0:0:0:
329,192,54545,1,0,0:0:0:0:
402,192,54545,1,0,0:0:0:0:
475,192,54545,1,0,0:0:0:0:
36,192,55091,1,0,0:0:0:0:
182,192,55091,1,0,0:0:0:0:
256,192,55091,1,0,0:0:0:0:
329,192,55091,1,0,0:0:0:0:
36,192,55363,1,0,0:0:0:0:
182,192,55363,1,0,0:0:0:0:
329,192,55363,1,0,0:0:0:0:
256,192,55363,1,0,0:0:0:0:
36,192,55636,1,0,0:0:0:0:
182,192,55636,1,0,0:0:0:0:
256,192,55636,1,0,0:0:0:0:
329,192,55636,1,0,0:0:0:0:
36,192,55909,1,0,0:0:0:0:
109,192,55909,1,0,0:0:0:0:
182,192,55909,1,0,0:0:0:0:
329,192,55909,1,0,0:0:0:0:
256,192,55909,1,0,0:0:0:0:
402,192,55909,1,0,0:0:0:0:
36,192,56182,1,0,0:0:0:0:
182,192,56182,1,0,0:0:0:0:
256,192,56182,1,0,0:0:0:0:
329,192,56182,1,0,0:0:0:0:
36,192,56454,1,0,0:0:0:0:
109,192,56454,1,0,0:0:0:0:
182,192,56454,1,0,0:0:0:0:
329,192,56454,1,0,0:0:0:0:
256,192,56454,1,0,0:0:0:0:
402,192,56454,1,0,0:0:0:0:
36,192,56727,1,0,0:0:0:0:
109,192,56727,1,0,0:0:0:0:
182,192,56727,1,0,0:0:0:0:
329,192,56727,1,0,0:0:0:0:
475,192,56727,1,0,0:0:0:0:
256,192,56727,1,0,0:0:0:0:
402,192,56727,1,0,0:0:0:0:
36,192,57272,1,0,0:0:0:0:
182,192,57272,1,0,0:0:0:0:
256,192,57272,1,0,0:0:0:0:
329,192,57272,1,0,0:0:0:0:
36,192,57545,1,0,0:0:0:0:
182,192,57545,1,0,0:0:0:0:
256,192,57545,1,0,0:0:0:0:
329,192,57545,1,0,0:0:0:0:
36,192,57818,1,0,0:0:0:0:
182,192,57818,1,0,0:0:0:0:
329,192,57818,1,0,0:0:0:0:
256,192,57818,1,0,0:0:0:0:
36,192,58091,1,0,0:0:0:0:
109,192,58091,1,0,0:0:0:0:
182,192,58091,1,0,0:0:0:0:
329,192,58091,1,0,0:0:0:0:
402,192,58091,1,0,0:0:0:0:
256,192,58091,1,0,0:0:0:0:
36,192,58363,1,0,0:0:0:0:
182,192,58363,1,0,0:0:0:0:
256,192,58363,1,0,0:0:0:0:
329,192,58363,1,0,0:0:0:0:
36,192,58636,1,0,0:0:0:0:
109,192,58636,1,0,0:0:0:0:
182,192,58636,1,0,0:0:0:0:
402,192,58636,1,0,0:0:0:0:
256,192,58636,1,0,0:0:0:0:
329,192,58636,1,0,0:0:0:0:
36,192,58909,1,0,0:0:0:0:
109,192,58909,1,0,0:0:0:0:
182,192,58909,1,0,0:0:0:0:
256,192,58909,1,0,0:0:0:0:
402,192,58909,1,0,0:0:0:0:
329,192,58909,1,0,0:0:0:0:
475,192,58909,1,0,0:0:0:0:
36,192,59454,1,0,0:0:0:0:
182,192,59454,1,0,0:0:0:0:
329,192,59454,1,0,0:0:0:0:
256,192,59454,1,0,0:0:0:0:
36,192,59727,1,0,0:0:0:0:
182,192,59727,1,0,0:0:0:0:
329,192,59727,1,0,0:0:0:0:
256,192,59727,1,0,0:0:0:0:
36,192,60000,1,0,0:0:0:0:
182,192,60000,1,0,0:0:0:0:
256,192,60000,1,0,0:0:0:0:
329,192,60000,1,0,0:0:0:0:
36,192,60272,1,0,0:0:0:0:
109,192,60272,1,0,0:0:0:0:
182,192,60272,1,0,0:0:0:0:
256,192,60272,1,0,0:0:0:0:
402,192,60272,1,0,0:0:0:0:
329,192,60272,1,0,0:0:0:0:
36,192,60545,1,0,0:0:0:0:
182,192,60545,1,0,0:0:0:0:
329,192,60545,1,0,0:0:0:0:
256,192,60545,1,0,0:0:0:0:
36,192,60818,1,0,0:0:0:0:
109,192,60818,1,0,0:0:0:0:
182,192,60818,1,0,0:0:0:0:
329,192,60818,1,0,0:0:0:0:
256,192,60818,1,0,0:0:0:0:
402,192,60818,1,0,0:0:0:0:
36,192,61091,1,0,0:0:0:0:
109,192,61091,1,0,0:0:0:0:
182,192,61091,1,0,0:0:0:0:
329,192,61091,1,0,0:0:0:0:
475,192,61091,1,0,0:0:0:0:
256,192,61091,1,0,0:0:0:0:
402,192,61091,1,0,0:0:0:0:
36,192,61636,1,0,0:0:0:0:
182,192,61636,1,0,0:0:0:0:
256,192,61636,1,0,0:0:0:0:
329,192,61636,1,0,0:0:0:0:
36,192,61909,1,0,0:0:0:0:
182,192,61909,1,0,0:0:0:0:
256,192,61909,1,0,0:0:0:0:
329,192,61909,1,0,0:0:0:0:
36,192,62182,1,0,0:0:0:0:
182,192,62182,1,0,0:0:0:0:
329,192,62182,1,0,0:0:0:0:
256,192,62182,1,0,0:0:0:0:
36,192,62454,1,0,0:0:0:0:
109,192,62454,1,0,0:0:0:0:
182,192,62454,1,0,0:0:0:0:
329,192,62454,1,0,0:0:0:0:
402,192,62454,1,0,0:0:0:0:
256,192,62454,1,0,0:0:0:0:
36,192,62727,1,0,0:0:0:0:
182,192,62727,1,0,0:0:0:0:
256,192,62727,1,0,0:0:0:0:
329,192,62727,1,0,0:0:0:0:
36,192,63000,1,0,0:0:0:0:
109,192,63000,1,0,0:0:0:0:
182,192,63000,1,0,0:0:0:0:
402,192,63000,1,0,0:0:0:0:
256,192,63000,1,0,0:0:0:0:
329,192,63000,1,0,0:0:0:0:
36,192,63272,1,0,0:0:0:0:
109,192,63272,1,0,0:0:0:0:
182,192,63272,1,0,0:0:0:0:
256,192,63272,1,0,0:0:0:0:
402,192,63272,1,0,0:0:0:0:
329,192,63272,1,0,0:0:0:0:
475,192,63272,1,0,0:0:0:0:
36,192,63818,1,0,0:0:0:0:
182,192,63818,1,0,0:0:0:0:
329,192,63818,1,0,0:0:0:0:
256,192,63818,1,0,0:0:0:0:
36,192,64091,1,0,0:0:0:0:
109,192,64091,1,0,0:0:0:0:
182,192,64091,1,0,0:0:0:0:
329,192,64091,1,0,0:0:0:0:
256,192,64091,1,0,0:0:0:0:
36,192,64363,1,0,0:0:0:0:
182,192,64363,1,0,0:0:0:0:
256,192,64363,1,0,0:0:0:0:
329,192,64363,1,0,0:0:0:0:
36,192,64636,1,0,0:0:0:0:
109,192,64636,1,0,0:0:0:0:
182,192,64636,1,0,0:0:0:0:
256,192,64636,1,0,0:0:0:0:
402,192,64636,1,0,0:0:0:0:
329,192,64636,1,0,0:0:0:0:
36,192,64909,1,0,0:0:0:0:
182,192,64909,1,0,0:0:0:0:
329,192,64909,1,0,0:0:0:0:
256,192,64909,1,0,0:0:0:0:
36,192,65182,1,0,0:0:0:0:
109,192,65182,1,0,0:0:0:0:
182,192,65182,1,0,0:0:0:0:
329,192,65182,1,0,0:0:0:0:
256,192,65182,1,0,0:0:0:0:
402,192,65182,1,0,0:0:0:0:
36,192,65454,1,0,0:0:0:0:
109,192,65454,1,0,0:0:0:0:
182,192,65454,1,0,0:0:0:0:
329,192,65454,1,0,0:0:0:0:
475,192,65454,1,0,0:0:0:0:
256,192,65454,1,0,0:0:0:0:
402,192,65454,1,0,0:0:0:0:
36,192,66000,1,0,0:0:0:0:
182,192,66000,1,0,0:0:0:0:
256,192,66000,1,0,0:0:0:0:
329,192,66000,1,0,0:0:0:0:
36,192,66272,1,0,0:0:0:0:
109,192,66272,1,0,0:0:0:0:
182,192,66272,1,0,0:0:0:0:
256,192,66272,1,0,0:0:0:0:
329,192,66272,1,0,0:0:0:0:
36,192,66545,1,0,0:0:0:0:
182,192,66545,1,0,0:0:0:0:
329,192,66545,1,0,0:0:0:0:
256,192,66545,1,0,0:0:0:0:
36,192,66818,1,0,0:0:0:0:
109,192,66818,1,0,0:0:0:0:
182,192,66818,1,0,0:0:0:0:
329,192,66818,1,0,0:0:0:0:
402,192,66818,1,0,0:0:0:0:
256,192,66818,1,0,0:0:0:0:
36,192,67091,1,0,0:0:0:0:
182,192,67091,1,0,0:0:0:0:
256,192,67091,1,0,0:0:0:0:
329,192,67091,1,0,0:0:0:0:
36,192,67363,1,0,0:0:0:0:
109,192,67363,1,0,0:0:0:0:
182,192,67363,1,0,0:0:0:0:
402,192,67363,1,0,0:0:0:0:
256,192,67363,1,0,0:0:0:0:
329,192,67363,1,0,0:0:0:0:
36,192,67636,1,0,0:0:0:0:
109,192,67636,1,0,0:0:0:0:
182,192,67636,1,0,0:0:0:0:
256,192,67636,1,0,0:0:0:0:
402,192,67636,1,0,0:0:0:0:
329,192,67636,1,0,0:0:0:0:
475,192,67636,1,0,0:0:0:0:
36,192,68182,1,0,0:0:0:0:
182,192,68182,1,0,0:0:0:0:
329,192,68182,1,0,0:0:0:0:
256,192,68182,1,0,0:0:0:0:
36,192,68454,1,0,0:0:0:0:
109,192,68454,1,0,0:0:0:0:
182,192,68454,1,0,0:0:0:0:
329,192,68454,1,0,0:0:0:0:
256,192,68454,1,0,0:0:0:0:
36,192,68727,1,0,0:0:0:0:
182,192,68727,1,0,0:0:0:0:
256,192,68727,1,0,0:0:0:0:
329,192,68727,1,0,0:0:0:0:
36,192,69000,1,0,0:0:0:0:
109,192,69000,1,0,0:0:0:0:
182,192,69000,1,0,0:0:0:0:
256,192,69000,1,0,0:0:0:0:
402,192,69000,1,0,0:0:0:0:
329,192,69000,1,0,0:0:0:0:
36,192,69272,1,0,0:0:0:0:
182,192,69272,1,0,0:0:0:0:
329,192,69272,1,0,0:0:0:0:
256,192,69272,1,0,0:0:0:0:
36,192,69545,1,0,0:0:0:0:
109,192,69545,1,0,0:0:0:0:
182,192,69545,1,0,0:0:0:0:
329,192,69545,1,0,0:0:0:0:
256,192,69545,1,0,0:0:0:0:
402,192,69545,1,0,0:0:0:0:
36,192,69818,1,0,0:0:0:0:
109,192,69818,1,0,0:0:0:0:
182,192,69818,1,0,0:0:0:0:
256,192,69818,1,0,0:0:0:0:
329,192,69818,1,0,0:0:0:0:
402,192,69818,1,0,0:0:0:0:
475,192,69818,1,0,0:0:0:0:
182,192,70636,1,0,0:0:0:0:
256,192,70636,1,0,0:0:0:0:
329,192,70636,1,0,0:0:0:0:
36,192,70909,1,0,0:0:0:0:
109,192,70909,1,0,0:0:0:0:
182,192,70909,1,0,0:0:0:0:
256,192,70909,1,0,0:0:0:0:
329,192,70909,1,0,0:0:0:0:
402,192,70909,1,0,0:0:0:0:
36,192,71182,1,0,0:0:0:0:
182,192,71182,1,0,0:0:0:0:
329,192,71182,1,0,0:0:0:0:
256,192,71182,1,0,0:0:0:0:
36,192,71454,1,0,0:0:0:0:
109,192,71454,1,0,0:0:0:0:
182,192,71454,1,0,0:0:0:0:
329,192,71454,1,0,0:0:0:0:
256,192,71454,1,0,0:0:0:0:
109,192,71591,1,0,0:0:0:0:
36,192,71727,1,0,0:0:0:0:
109,192,71727,1,0,0:0:0:0:
182,192,71727,1,0,0:0:0:0:
256,192,71727,1,0,0:0:0:0:
329,192,71727,1,0,0:0:0:0:
109,192,71863,1,0,0:0:0:0:
36,192,72000,1,0,0:0:0:0:
109,192,72000,1,0,0:0:0:0:
182,192,72000,1,0,0:0:0:0:
256,192,72000,1,0,0:0:0:0:
329,192,72000,1,0,0:0:0:0:
402,192,72000,1,0,0:0:0:0:
36,192,72272,1,0,0:0:0:0:
109,192,72272,1,0,0:0:0:0:
36,192,72545,1,0,0:0:0:0:
109,192,72545,1,0,0:0:0:0:
182,192,72545,1,0,0:0:0:0:
256,192,72545,1,0,0:0:0:0:
329,192,72545,1,0,0:0:0:0:
402,192,72545,1,0,0:0:0:0:
36,192,72818,1,0,0:0:0:0:
109,192,72818,1,0,0:0:0:0:
36,192,73091,1,0,0:0:0:0:
256,192,73091,1,0,0:0:0:0:
329,192,73091,1,0,0:0:0:0:
36,192,73363,1,0,0:0:0:0:
109,192,73363,1,0,0:0:0:0:
329,192,73363,1,0,0:0:0:0:
256,192,73363,1,0,0:0:0:0:
36,192,73636,1,0,0:0:0:0:
109,192,73636,1,0,0:0:0:0:
256,192,73636,1,0,0:0:0:0:
329,192,73636,1,0,0:0:0:0:
36,192,73909,1,0,0:0:0:0:
109,192,73909,1,0,0:0:0:0:
329,192,73909,1,0,0:0:0:0:
256,192,73909,1,0,0:0:0:0:
36,192,74182,1,0,0:0:0:0:
109,192,74182,1,0,0:0:0:0:
182,192,74182,1,0,0:0:0:0:
329,192,74182,1,0,0:0:0:0:
402,192,74182,1,0,0:0:0:0:
256,192,74182,1,0,0:0:0:0:
36,192,74454,1,0,0:0:0:0:
109,192,74454,1,0,0:0:0:0:
36,192,74727,1,0,0:0:0:0:
109,192,74727,1,0,0:0:0:0:
182,192,74727,1,0,0:0:0:0:
256,192,74727,1,0,0:0:0:0:
329,192,74727,1,0,0:0:0:0:
402,192,74727,1,0,0:0:0:0:
36,192,75000,1,0,0:0:0:0:
109,192,75000,1,0,0:0:0:0:
36,192,75272,1,0,0:0:0:0:
256,192,75272,1,0,0:0:0:0:
329,192,75272,1,0,0:0:0:0:
36,192,75545,1,0,0:0:0:0:
109,192,75545,1,0,0:0:0:0:
256,192,75545,1,0,0:0:0:0:
329,192,75545,1,0,0:0:0:0:
36,192,75818,1,0,0:0:0:0:
109,192,75818,1,0,0:0:0:0:
256,192,75818,1,0,0:0:0:0:
329,192,75818,1,0,0:0:0:0:
36,192,76091,1,0,0:0:0:0:
109,192,76091,1,0,0:0:0:0:
329,192,76091,1,0,0:0:0:0:
256,192,76091,1,0,0:0:0:0:
36,192,76363,1,0,0:0:0:0:
109,192,76363,1,0,0:0:0:0:
182,192,76363,1,0,0:0:0:0:
256,192,76363,1,0,0:0:0:0:
402,192,76363,1,0,0:0:0:0:
329,192,76363,1,0,0:0:0:0:
36,192,76636,1,0,0:0:0:0:
109,192,76636,1,0,0:0:0:0:
36,192,76909,1,0,0:0:0:0:
109,192,76909,1,0,0:0:0:0:
182,192,76909,1,0,0:0:0:0:
402,192,76909,1,0,0:0:0:0:
329,192,76909,1,0,0:0:0:0:
256,192,76909,1,0,0:0:0:0:
36,192,77182,1,0,0:0:0:0:
109,192,77182,1,0,0:0:0:0:
36,192,77454,1,0,0:0:0:0:
329,192,77454,1,0,0:0:0:0:
256,192,77454,1,0,0:0:0:0:
36,192,77727,1,0,0:0:0:0:
109,192,77727,1,0,0:0:0:0:
329,192,77727,1,0,0:0:0:0:
256,192,77727,1,0,0:0:0:0:
36,192,78000,1,0,0:0:0:0:
109,192,78000,1,0,0:0:0:0:
329,192,78000,1,0,0:0:0:0:
256,192,78000,1,0,0:0:0:0:
36,192,78272,1,0,0:0:0:0:
109,192,78272,1,0,0:0:0:0:
256,192,78272,1,0,0:0:0:0:
329,192,78272,1,0,0:0:0:0:
36,192,78545,1,0,0:0:0:0:
109,192,78545,1,0,0:0:0:0:
182,192,78545,1,0,0:0:0:0:
329,192,78545,1,0,0:0:0:0:
402,192,78545,1,0,0:0:0:0:
256,192,78545,1,0,0:0:0:0:
36,192,78818,1,0,0:0:0:0:
109,192,78818,1,0,0:0:0:0:
36,192,79091,1,0,0:0:0:0:
109,192,79091,1,0,0:0:0:0:
182,192,79091,1,0,0:0:0:0:
256,192,79091,1,0,0:0:0:0:
329,192,79091,1,0,0:0:0:0:
402,192,79091,1,0,0:0:0:0:
36,192,79363,1,0,0:0:0:0:
109,192,79363,1,0,0:0:0:0:
36,192,79636,1,0,0:0:0:0:
256,192,79636,1,0,0:0:0:0:
329,192,79636,1,0,0:0:0:0:
36,192,79909,1,0,0:0:0:0:
109,192,79909,1,0,0:0:0:0:
256,192,79909,1,0,0:0:0:0:
329,192,79909,1,0,0:0:0:0:
36,192,80182,1,0,0:0:0:0:
109,192,80182,1,0,0:0:0:0:
256,192,80182,1,0,0:0:0:0:
329,192,80182,1,0,0:0:0:0:
36,192,80454,1,0,0:0:0:0:
109,192,80454,1,0,0:0:0:0:
329,192,80454,1,0,0:0:0:0:
256,192,80454,1,0,0:0:0:0:
36,192,80727,1,0,0:0:0:0:
109,192,80727,1,0,0:0:0:0:
182,192,80727,1,0,0:0:0:0:
256,192,80727,1,0,0:0:0:0:
402,192,80727,1,0,0:0:0:0:
329,192,80727,1,0,0:0:0:0:
36,192,81000,1,0,0:0:0:0:
109,192,81000,1,0,0:0:0:0:
36,192,81272,1,0,0:0:0:0:
109,192,81272,1,0,0:0:0:0:
182,192,81272,1,0,0:0:0:0:
402,192,81272,1,0,0:0:0:0:
329,192,81272,1,0,0:0:0:0:
256,192,81272,1,0,0:0:0:0:
36,192,81545,1,0,0:0:0:0:
109,192,81545,1,0,0:0:0:0:
36,192,81818,1,0,0:0:0:0:
329,192,81818,1,0,0:0:0:0:
256,192,81818,1,0,0:0:0:0:
36,192,82091,1,0,0:0:0:0:
109,192,82091,1,0,0:0:0:0:
329,192,82091,1,0,0:0:0:0:
256,192,82091,1,0,0:0:0:0:
36,192,82363,1,0,0:0:0:0:
109,192,82363,1,0,0:0:0:0:
329,192,82363,1,0,0:0:0:0:
256,192,82363,1,0,0:0:0:0:
36,192,82636,1,0,0:0:0:0:
109,192,82636,1,0,0:0:0:0:
256,192,82636,1,0,0:0:0:0:
329,192,82636,1,0,0:0:0:0:
36,192,82909,1,0,0:0:0:0:
109,192,82909,1,0,0:0:0:0:
182,192,82909,1,0,0:0:0:0:
329,192,82909,1,0,0:0:0:0:
402,192,82909,1,0,0:0:0:0:
256,192,82909,1,0,0:0:0:0:
36,192,83182,1,0,0:0:0:0:
109,192,83182,1,0,0:0:0:0:
36,192,83454,1,0,0:0:0:0:
109,192,83454,1,0,0:0:0:0:
182,192,83454,1,0,0:0:0:0:
256,192,83454,1,0,0:0:0:0:
329,192,83454,1,0,0:0:0:0:
402,192,83454,1,0,0:0:0:0:
36,192,83727,1,0,0:0:0:0:
109,192,83727,1,0,0:0:0:0:
36,192,84000,1,0,0:0:0:0:
256,192,84000,1,0,0:0:0:0:
329,192,84000,1,0,0:0:0:0:
36,192,84272,1,0,0:0:0:0:
109,192,84272,1,0,0:0:0:0:
256,192,84272,1,0,0:0:0:0:
329,192,84272,1,0,0:0:0:0:
36,192,84545,1,0,0:0:0:0:
109,192,84545,1,0,0:0:0:0:
256,192,84545,1,0,0:0:0:0:
329,192,84545,1,0,0:0:0:0:
36,192,84818,1,0,0:0:0:0:
109,192,84818,1,0,0:0:0:0:
329,192,84818,1,0,0:0:0:0:
256,192,84818,1,0,0:0:0:0:
36,192,85091,1,0,0:0:0:0:
109,192,85091,1,0,0:0:0:0:
182,192,85091,1,0,0:0:0:0:
256,192,85091,1,0,0:0:0:0:
402,192,85091,1,0,0:0:0:0:
329,192,85091,1,0,0:0:0:0:
36,192,85363,1,0,0:0:0:0:
109,192,85363,1,0,0:0:0:0:
36,192,85636,1,0,0:0:0:0:
109,192,85636,1,0,0:0:0:0:
182,192,85636,1,0,0:0:0:0:
402,192,85636,1,0,0:0:0:0:
329,192,85636,1,0,0:0:0:0:
256,192,85636,1,0,0:0:0:0:
36,192,85909,1,0,0:0:0:0:
109,192,85909,1,0,0:0:0:0:
36,192,86182,1,0,0:0:0:0:
329,192,86182,1,0,0:0:0:0:
256,192,86182,1,0,0:0:0:0:
36,192,86454,1,0,0:0:0:0:
109,192,86454,1,0,0:0:0:0:
329,192,86454,1,0,0:0:0:0:
256,192,86454,1,0,0:0:0:0:
36,192,86727,1,0,0:0:0:0:
109,192,86727,1,0,0:0:0:0:
329,192,86727,1,0,0:0:0:0:
256,192,86727,1,0,0:0:0:0:
36,192,87000,1,0,0:0:0:0:
109,192,87000,1,0,0:0:0:0:
256,192,87000,1,0,0:0:0:0:
329,192,87000,1,0,0:0:0:0:
36,192,87272,1,0,0:0:0:0:
109,192,87272,1,0,0:0:0:0:
182,192,87272,1,0,0:0:0:0:
256,192,87272,1,0,0:0:0:0:
402,192,87272,1,0,0:0:0:0:
329,192,87272,1,0,0:0:0:0:
36,192,87545,1,0,0:0:0:0:
109,192,87545,1,0,0:0:0:0:
36,192,87818,1,0,0:0:0:0:
109,192,87818,1,0,0:0:0:0:
182,192,87818,1,0,0:0:0:0:
402,192,87818,1,0,0:0:0:0:
329,192,87818,1,0,0:0:0:0:
256,192,87818,1,0,0:0:0:0:
36,192,88091,1,0,0:0:0:0:
109,192,88091,1,0,0:0:0:0:
36,192,88363,1,0,0:0:0:0:
329,192,88363,1,0,0:0:0:0:
256,192,88363,1,0,0:0:0:0:
36,192,88636,1,0,0:0:0:0:
109,192,88636,1,0,0:0:0:0:
329,192,88636,1,0,0:0:0:0:
256,192,88636,1,0,0:0:0:0:
36,192,88909,1,0,0:0:0:0:
109,192,88909,1,0,0:0:0:0:
329,192,88909,1,0,0:0:0:0:
256,192,88909,1,0,0:0:0:0:
36,192,89182,1,0,0:0:0:0:
109,192,89182,1,0,0:0:0:0:
256,192,89182,1,0,0:0:0:0:
329,192,89182,1,0,0:0:0:0:
36,192,89454,1,0,0:0:0:0:
109,192,89454,1,0,0:0:0:0:
182,192,89454,1,0,0:0:0:0:
256,192,89454,1,0,0:0:0:0:
329,192,89454,1,0,0:0:0:0:
402,192,89454,1,0,0:0:0:0:
36,192,89727,1,0,0:0:0:0:
109,192,89727,1,0,0:0:0:0:
182,192,89727,1,0,0:0:0:0:
36,192,90000,1,0,0:0:0:0:
109,192,90000,1,0,0:0:0:0:
182,192,90000,1,0,0:0:0:0:
402,192,90000,1,0,0:0:0:0:
329,192,90000,1,0,0:0:0:0:
256,192,90000,1,0,0:0:0:0:
36,192,90272,1,0,0:0:0:0:
109,192,90272,1,0,0:0:0:0:
182,192,90272,1,0,0:0:0:0:
36,192,90545,1,0,0:0:0:0:
256,192,90545,1,0,0:0:0:0:
329,192,90545,1,0,0:0:0:0:
402,192,90545,1,0,0:0:0:0:
36,192,90818,1,0,0:0:0:0:
109,192,90818,1,0,0:0:0:0:
182,192,90818,1,0,0:0:0:0:
329,192,90818,1,0,0:0:0:0:
256,192,90818,1,0,0:0:0:0:
36,192,91091,1,0,0:0:0:0:
109,192,91091,1,0,0:0:0:0:
182,192,91091,1,0,0:0:0:0:
256,192,91091,1,0,0:0:0:0:
329,192,91091,1,0,0:0:0:0:
36,192,91363,1,0,0:0:0:0:
109,192,91363,1,0,0:0:0:0:
182,192,91363,1,0,0:0:0:0:
256,192,91363,1,0,0:0:0:0:
329,192,91363,1,0,0:0:0:0:
36,192,91636,1,0,0:0:0:0:
109,192,91636,1,0,0:0:0:0:
182,192,91636,1,0,0:0:0:0:
256,192,91636,1,0,0:0:0:0:
329,192,91636,1,0,0:0:0:0:
402,192,91636,1,0,0:0:0:0:
36,192,91909,1,0,0:0:0:0:
109,192,91909,1,0,0:0:0:0:
182,192,91909,1,0,0:0:0:0:
36,192,92182,1,0,0:0:0:0:
109,192,92182,1,0,0:0:0:0:
182,192,92182,1,0,0:0:0:0:
256,192,92182,1,0,0:0:0:0:
329,192,92182,1,0,0:0:0:0:
402,192,92182,1,0,0:0:0:0:
36,192,92454,1,0,0:0:0:0:
109,192,92454,1,0,0:0:0:0:
182,192,92454,1,0,0:0:0:0:
36,192,92727,1,0,0:0:0:0:
256,192,92727,1,0,0:0:0:0:
329,192,92727,1,0,0:0:0:0:
402,192,92727,1,0,0:0:0:0:
36,192,93000,1,0,0:0:0:0:
109,192,93000,1,0,0:0:0:0:
182,192,93000,1,0,0:0:0:0:
329,192,93000,1,0,0:0:0:0:
256,192,93000,1,0,0:0:0:0:
36,192,93272,1,0,0:0:0:0:
109,192,93272,1,0,0:0:0:0:
182,192,93272,1,0,0:0:0:0:
256,192,93272,1,0,0:0:0:0:
329,192,93272,1,0,0:0:0:0:
36,192,93545,1,0,0:0:0:0:
109,192,93545,1,0,0:0:0:0:
182,192,93545,1,0,0:0:0:0:
329,192,93545,1,0,0:0:0:0:
256,192,93545,1,0,0:0:0:0:
36,192,93818,1,0,0:0:0:0:
109,192,93818,1,0,0:0:0:0:
182,192,93818,1,0,0:0:0:0:
256,192,93818,1,0,0:0:0:0:
329,192,93818,1,0,0:0:0:0:
402,192,93818,1,0,0:0:0:0:
36,192,94091,1,0,0:0:0:0:
109,192,94091,1,0,0:0:0:0:
182,192,94091,1,0,0:0:0:0:
36,192,94363,1,0,0:0:0:0:
109,192,94363,1,0,0:0:0:0:
182,192,94363,1,0,0:0:0:0:
256,192,94363,1,0,0:0:0:0:
329,192,94363,1,0,0:0:0:0:
402,192,94363,1,0,0:0:0:0:
36,192,94636,1,0,0:0:0:0:
109,192,94636,1,0,0:0:0:0:
182,192,94636,1,0,0:0:0:0:
36,192,94909,1,0,0:0:0:0:
256,192,94909,1,0,0:0:0:0:
329,192,94909,1,0,0:0:0:0:
402,192,94909,1,0,0:0:0:0:
36,192,95182,1,0,0:0:0:0:
109,192,95182,1,0,0:0:0:0:
182,192,95182,1,0,0:0:0:0:
329,192,95182,1,0,0:0:0:0:
256,192,95182,1,0,0:0:0:0:
36,192,95454,1,0,0:0:0:0:
109,192,95454,1,0,0:0:0:0:
182,192,95454,1,0,0:0:0:0:
256,192,95454,1,0,0:0:0:0:
329,192,95454,1,0,0:0:0:0:
36,192,95727,1,0,0:0:0:0:
109,192,95727,1,0,0:0:0:0:
182,192,95727,1,0,0:0:0:0:
329,192,95727,1,0,0:0:0:0:
256,192,95727,1,0,0:0:0:0:
36,192,96000,1,0,0:0:0:0:
109,192,96000,1,0,0:0:0:0:
182,192,96000,1,0,0:0:0:0:
256,192,96000,1,0,0:0:0:0:
329,192,96000,1,0,0:0:0:0:
402,192,96000,1,0,0:0:0:0:
36,192,96272,1,0,0:0:0:0:
109,192,96272,1,0,0:0:0:0:
182,192,96272,1,0,0:0:0:0:
36,192,96545,1,0,0:0:0:0:
109,192,96545,1,0,0:0:0:0:
182,192,96545,1,0,0:0:0:0:
402,192,96545,1,0,0:0:0:0:
329,192,96545,1,0,0:0:0:0:
256,192,96545,1,0,0:0:0:0:
36,192,96818,1,0,0:0:0:0:
109,192,96818,1,0,0:0:0:0:
182,192,96818,1,0,0:0:0:0:
36,192,97091,1,0,0:0:0:0:
256,192,97091,1,0,0:0:0:0:
329,192,97091,1,0,0:0:0:0:
402,192,97091,1,0,0:0:0:0:
36,192,97363,1,0,0:0:0:0:
109,192,97363,1,0,0:0:0:0:
182,192,97363,1,0,0:0:0:0:
329,192,97363,1,0,0:0:0:0:
256,192,97363,1,0,0:0:0:0:
36,192,97636,1,0,0:0:0:0:
109,192,97636,1,0,0:0:0:0:
182,192,97636,1,0,0:0:0:0:
256,192,97636,1,0,0:0:0:0:
329,192,97636,1,0,0:0:0:0:
36,192,97909,1,0,0:0:0:0:
109,192,97909,1,0,0:0:0:0:
182,192,97909,1,0,0:0:0:0:
329,192,97909,1,0,0:0:0:0:
256,192,97909,1,0,0:0:0:0:
36,192,98182,1,0,0:0:0:0:
109,192,98182,1,0,0:0:0:0:
182,192,98182,1,0,0:0:0:0:
256,192,98182,1,0,0:0:0:0:
329,192,98182,1,0,0:0:0:0:
402,192,98182,1,0,0:0:0:0:
36,192,98454,1,0,0:0:0:0:
109,192,98454,1,0,0:0:0:0:
182,192,98454,1,0,0:0:0:0:
36,192,98727,1,0,0:0:0:0:
109,192,98727,1,0,0:0:0:0:
182,192,98727,1,0,0:0:0:0:
402,192,98727,1,0,0:0:0:0:
329,192,98727,1,0,0:0:0:0:
256,192,98727,1,0,0:0:0:0:
36,192,99000,1,0,0:0:0:0:
109,192,99000,1,0,0:0:0:0:
182,192,99000,1,0,0:0:0:0:
36,192,99272,1,0,0:0:0:0:
256,192,99272,1,0,0:0:0:0:
329,192,99272,1,0,0:0:0:0:
402,192,99272,1,0,0:0:0:0:
36,192,99545,1,0,0:0:0:0:
109,192,99545,1,0,0:0:0:0:
182,192,99545,1,0,0:0:0:0:
329,192,99545,1,0,0:0:0:0:
256,192,99545,1,0,0:0:0:0:
36,192,99818,1,0,0:0:0:0:
109,192,99818,1,0,0:0:0:0:
182,192,99818,1,0,0:0:0:0:
256,192,99818,1,0,0:0:0:0:
329,192,99818,1,0,0:0:0:0:
36,192,100091,1,0,0:0:0:0:
109,192,100091,1,0,0:0:0:0:
182,192,100091,1,0,0:0:0:0:
329,192,100091,1,0,0:0:0:0:
256,192,100091,1,0,0:0:0:0:
36,192,100363,1,0,0:0:0:0:
109,192,100363,1,0,0:0:0:0:
182,192,100363,1,0,0:0:0:0:
256,192,100363,1,0,0:0:0:0:
329,192,100363,1,0,0:0:0:0:
402,192,100363,1,0,0:0:0:0:
36,192,100636,1,0,0:0:0:0:
109,192,100636,1,0,0:0:0:0:
182,192,100636,1,0,0:0:0:0:
36,192,100909,1,0,0:0:0:0:
109,192,100909,1,0,0:0:0:0:
182,192,100909,1,0,0:0:0:0:
256,192,100909,1,0,0:0:0:0:
329,192,100909,1,0,0:0:0:0:
402,192,100909,1,0,0:0:0:0:
36,192,101182,1,0,0:0:0:0:
109,192,101182,1,0,0:0:0:0:
182,192,101182,1,0,0:0:0:0:
36,192,101454,1,0,0:0:0:0:
402,192,101454,1,0,0:0:0:0:
329,192,101454,1,0,0:0:0:0:
256,192,101454,1,0,0:0:0:0:
36,192,101727,1,0,0:0:0:0:
109,192,101727,1,0,0:0:0:0:
182,192,101727,1,0,0:0:0:0:
256,192,101727,1,0,0:0:0:0:
329,192,101727,1,0,0:0:0:0:
36,192,102000,1,0,0:0:0:0:
109,192,102000,1,0,0:0:0:0:
182,192,102000,1,0,0:0:0:0:
329,192,102000,1,0,0:0:0:0:
256,192,102000,1,0,0:0:0:0:
36,192,102272,1,0,0:0:0:0:
109,192,102272,1,0,0:0:0:0:
182,192,102272,1,0,0:0:0:0:
256,192,102272,1,0,0:0:0:0:
329,192,102272,1,0,0:0:0:0:
36,192,102545,1,0,0:0:0:0:
109,192,102545,1,0,0:0:0:0:
182,192,102545,1,0,0:0:0:0:
256,192,102545,1,0,0:0:0:0:
329,192,102545,1,0,0:0:0:0:
402,192,102545,1,0,0:0:0:0:
36,192,102818,1,0,0:0:0:0:
109,192,102818,1,0,0:0:0:0:
182,192,102818,1,0,0:0:0:0:
36,192,103091,1,0,0:0:0:0:
109,192,103091,1,0,0:0:0:0:
182,192,103091,1,0,0:0:0:0:
402,192,103091,1,0,0:0:0:0:
329,192,103091,1,0,0:0:0:0:
256,192,103091,1,0,0:0:0:0:
36,192,103363,1,0,0:0:0:0:
109,192,103363,1,0,0:0:0:0:
182,192,103363,1,0,0:0:0:0:
36,192,103636,1,0,0:0:0:0:
402,192,103636,1,0,0:0:0:0:
329,192,103636,1,0,0:0:0:0:
256,192,103636,1,0,0:0:0:0:
36,192,103909,1,0,0:0:0:0:
109,192,103909,1,0,0:0:0:0:
182,192,103909,1,0,0:0:0:0:
256,192,103909,1,0,0:0:0:0:
329,192,103909,1,0,0:0:0:0:
36,192,104182,1,0,0:0:0:0:
109,192,104182,1,0,0:0:0:0:
182,192,104182,1,0,0:0:0:0:
329,192,104182,1,0,0:0:0:0:
256,192,104182,1,0,0:0:0:0:
36,192,104454,1,0,0:0:0:0:
109,192,104454,1,0,0:0:0:0:
182,192,104454,1,0,0:0:0:0:
256,192,104454,1,0,0:0:0:0:
329,192,104454,1,0,0:0:0:0:
36,192,104727,1,0,0:0:0:0:
109,192,104727,1,0,0:0:0:0:
182,192,104727,1,0,0:0:0:0:
329,192,104727,1,0,0:0:0:0:
256,192,104727,1,0,0:0:0:0:
402,192,104727,1,0,0:0:0:0:
36,192,105000,1,0,0:0:0:0:
109,192,105000,1,0,0:0:0:0:
182,192,105000,1,0,0:0:0:0:
36,192,105272,1,0,0:0:0:0:
109,192,105272,1,0,0:0:0:0:
182,192,105272,1,0,0:0:0:0:
329,192,105272,1,0,0:0:0:0:
256,192,105272,1,0,0:0:0:0:
36,192,105545,1,0,0:0:0:0:
109,192,105545,1,0,0:0:0:0:
182,192,105545,1,0,0:0:0:0:
36,192,105818,1,0,0:0:0:0:
256,192,105818,1,0,0:0:0:0:
329,192,105818,1,0,0:0:0:0:
36,192,106091,1,0,0:0:0:0:
109,192,106091,1,0,0:0:0:0:
182,192,106091,1,0,0:0:0:0:
256,192,106091,1,0,0:0:0:0:
329,192,106091,1,0,0:0:0:0:
402,192,106091,1,0,0:0:0:0:
36,192,106363,1,0,0:0:0:0:
109,192,106363,1,0,0:0:0:0:
182,192,106363,1,0,0:0:0:0:
475,192,106363,1,0,0:0:0:0:
402,192,106363,1,0,0:0:0:0:
329,192,106363,1,0,0:0:0:0:
256,192,106363,1,0,0:0:0:0:
36,192,106636,1,0,0:0:0:0:
109,192,106636,1,0,0:0:0:0:
182,192,106636,1,0,0:0:0:0:
256,192,106636,1,0,0:0:0:0:
329,192,106636,1,0,0:0:0:0:
402,192,106636,1,0,0:0:0:0:
36,192,106909,1,0,0:0:0:0:
182,192,106909,1,0,0:0:0:0:
329,192,106909,1,0,0:0:0:0:
256,192,106909,1,0,0:0:0:0: